wf1 38200000

### CANGATE ### 04/20/2018

BAUDRATE is FIXED AT: 2000000 baud
argc 3
0 cangate
1 127.0.0.1
2 32123
Socket opened OK.  IP: 127.0.0.1 PORT: 32123
CANID sql file did not open: ../../../../../svn_common/trunk/db/CANID_INSERT.sql
Control C to break & exit
a - ascii monitor of a CAN unit
d - list raw msgs
f - display fix: (e.g. f<enter>, or f E2600000<enter>
h - Photodetector level histogram from sensor
l - list unix time/date in heartbeat time msgs (l e1000000)
n - list msg id's and msg ct during 1 sec (coarse computer timing)
u - list msg id's and msg ct between CAN 1 sec time mgs (e.g. u 00600000)
m - list msgs for id entered 'm xxxxxxxx (CAN ID as 8 hex digits)'
q - Identify received msgs from CANID.sql file
r - send high priority RESET
s - Toggle sending of test msg file to CAN bus on/off
c - request & display launch parameters
w - list msgs float (wf) or integer (wi) payload with payload byte offset (wi1 E1800000)
x - cancel command
Control C to quit program
38200000 5 1.866042
38200000 5 1.896173
38200000 5 1.883766
38200000 5 1.871655
38200000 5 1.895877
38200000 5 1.893809
38200000 5 1.889674
38200000 5 1.865746
38200000 5 1.855998
38200000 5 1.876972
38200000 5 1.887015
38200000 5 1.896173
38200000 5 1.905625
38200000 5 1.863088
38200000 5 1.884652
38200000 5 1.885243
38200000 5 1.873427
38200000 5 1.890265
38200000 5 1.864565
38200000 5 1.890560
38200000 5 1.903853
38200000 5 1.927190
38200000 5 1.895286
38200000 5 1.902081
38200000 5 1.872245
38200000 5 1.876381
38200000 5 1.882584
38200000 5 1.884061
38200000 5 1.879630
38200000 5 1.887311
38200000 5 1.877267
38200000 5 1.868110
38200000 5 1.877267
38200000 5 1.877858
38200000 5 1.881698
38200000 5 1.862202
38200000 5 1.874018
38200000 5 1.892037
38200000 5 1.886424
38200000 5 1.887606
38200000 5 1.898240
38200000 5 1.882584
38200000 5 1.862202
38200000 5 1.891446
38200000 5 1.874904
38200000 5 1.872541
38200000 5 1.865451
38200000 5 1.884061
38200000 5 1.879630
38200000 5 1.881698
38200000 5 1.880516
38200000 5 1.879335
38200000 5 1.880516
38200000 5 1.872541
38200000 5 1.889083
38200000 5 1.885834
38200000 5 1.887901
38200000 5 1.885538
38200000 5 1.893219
38200000 5 1.887311
38200000 5 1.892628
38200000 5 1.881403
38200000 5 1.880812
38200000 5 1.896763
38200000 5 1.875790
38200000 5 1.868405
38200000 5 1.893219
38200000 5 1.861906
38200000 5 1.862792
38200000 5 1.864860
38200000 5 1.882584
38200000 5 1.911829
38200000 5 1.888788
38200000 5 1.880221
38200000 5 1.894400
38200000 5 1.881107
38200000 5 1.895877
38200000 5 1.893514
38200000 5 1.889378
38200000 5 1.886424
38200000 5 1.874313
38200000 5 1.890265
38200000 5 1.882289
38200000 5 1.868701
38200000 5 1.860725
38200000 5 1.867519
38200000 5 1.883470
38200000 5 1.870178
38200000 5 1.907398
38200000 5 1.879926
38200000 5 1.875495
38200000 5 1.856589
38200000 5 1.871655
38200000 5 1.864269
38200000 5 1.894991
38200000 5 1.899127
38200000 5 1.868996
38200000 5 1.865156
38200000 5 1.862202
38200000 5 1.862497
38200000 5 1.865451
38200000 5 1.901194
38200000 5 1.879926
38200000 5 1.895582
38200000 5 1.865746
38200000 5 1.857180
38200000 5 1.868110
38200000 5 1.886129
38200000 5 1.868996
38200000 5 1.915078
38200000 5 1.897650
38200000 5 1.880516
38200000 5 1.876676
38200000 5 1.879630
38200000 5 1.872836
38200000 5 1.871950
38200000 5 1.874018
38200000 5 1.906807
38200000 5 1.907102
38200000 5 1.908579
38200000 5 1.886424
38200000 5 1.887901
38200000 5 1.877267
38200000 5 1.878744
38200000 5 1.873131
38200000 5 1.900899
38200000 5 1.903853
38200000 5 1.859543
38200000 5 1.892037
38200000 5 1.865156
38200000 5 1.892332
38200000 5 1.900604
38200000 5 1.896763
38200000 5 1.886720
38200000 5 1.907693
38200000 5 1.896173
38200000 5 1.875790
38200000 5 1.881698
38200000 5 1.866042
38200000 5 1.871655
38200000 5 1.844182
38200000 5 1.900308
38200000 5 1.863679
38200000 5 1.876676
38200000 5 1.860429
38200000 5 1.871655
38200000 5 1.861611
38200000 5 1.860725
38200000 5 1.855407
38200000 5 1.892037
38200000 5 1.877267
38200000 5 1.894991
38200000 5 1.851567
38200000 5 1.865746
38200000 5 1.858952
38200000 5 1.843001
38200000 5 1.865451
38200000 5 1.882289
38200000 5 1.893809
38200000 5 1.876676
38200000 5 1.886720
38200000 5 1.893514
38200000 5 1.869882
38200000 5 1.884357
38200000 5 1.876381
38200000 5 1.896173
38200000 5 1.871655
38200000 5 1.884652
38200000 5 1.872836
38200000 5 1.866633
38200000 5 1.900013
38200000 5 1.881993
38200000 5 1.880221
38200000 5 1.891151
38200000 5 1.882289
38200000 5 1.910943
38200000 5 1.890265
38200000 5 1.889083
38200000 5 1.871950
38200000 5 1.884357
38200000 5 1.875495
38200000 5 1.894991
38200000 5 1.903262
38200000 5 1.894696
38200000 5 1.885243
38200000 5 1.876676
38200000 5 1.858952
38200000 5 1.895877
38200000 5 1.874313
38200000 5 1.853044
38200000 5 1.876085
38200000 5 1.881698
38200000 5 1.878449
38200000 5 1.874904
38200000 5 1.875495
38200000 5 1.899127
38200000 5 1.885834
38200000 5 1.874904
38200000 5 1.875495
38200000 5 1.882880
38200000 5 1.862792
38200000 5 1.884947
38200000 5 1.885538
38200000 5 1.879039
38200000 5 1.849204
38200000 5 1.863974
38200000 5 1.879335
38200000 5 1.891151
38200000 5 1.879630
38200000 5 1.875199
38200000 5 1.879335
38200000 5 1.899717
38200000 5 1.897354
38200000 5 1.894400
38200000 5 1.879926
38200000 5 1.872541
38200000 5 1.878744
38200000 5 1.872245
38200000 5 1.862792
38200000 5 1.884947
38200000 5 1.874018
38200000 5 1.882880
38200000 5 1.876676
38200000 5 1.873427
38200000 5 1.864565
38200000 5 1.870473
38200000 5 1.872541
38200000 5 1.866337
38200000 5 1.878744
38200000 5 1.863088
38200000 5 1.876676
38200000 5 1.882289
38200000 5 1.867519
38200000 5 1.878744
38200000 5 1.869291
38200000 5 1.892332
38200000 5 1.895582
38200000 5 1.894105
38200000 5 1.893809
38200000 5 1.894991
38200000 5 1.882289
38200000 5 1.864860
38200000 5 1.875495
38200000 5 1.854521
38200000 5 1.854226
38200000 5 1.888492
38200000 5 1.903853
38200000 5 1.873131
38200000 5 1.871950
38200000 5 1.898536
38200000 5 1.886720
38200000 5 1.859543
38200000 5 1.857771
38200000 5 1.871064
38200000 5 1.877562
38200000 5 1.866928
38200000 5 1.879039
38200000 5 1.886129
38200000 5 1.880516
38200000 5 1.876085
38200000 5 1.872541
38200000 5 1.884652
38200000 5 1.888492
38200000 5 1.885538
38200000 5 1.880221
38200000 5 1.866928
38200000 5 1.850090
38200000 5 1.848022
38200000 5 1.859248
38200000 5 1.866042
38200000 5 1.866633
38200000 5 1.876381
38200000 5 1.893219
38200000 5 1.875790
38200000 5 1.861315
38200000 5 1.838570
38200000 5 1.866042
38200000 5 1.865746
38200000 5 1.900604
38200000 5 1.874608
38200000 5 1.874904
38200000 5 1.885538
38200000 5 1.883175
38200000 5 1.867519
38200000 5 1.860429
38200000 5 1.859543
38200000 5 1.879039
38200000 5 1.885538
38200000 5 1.888788
38200000 5 1.883470
38200000 5 1.872541
38200000 5 1.862792
38200000 5 1.862202
38200000 5 1.863088
38200000 5 1.868701
38200000 5 1.862202
38200000 5 1.882584
38200000 5 1.886720
38200000 5 1.886129
38200000 5 1.876085
38200000 5 1.876085
38200000 5 1.871359
38200000 5 1.870768
38200000 5 1.873427
38200000 5 1.858657
38200000 5 1.866042
38200000 5 1.859838
38200000 5 1.874018
38200000 5 1.867814
38200000 5 1.871655
38200000 5 1.873722
38200000 5 1.870473
38200000 5 1.867814
38200000 5 1.877562
38200000 5 1.881107
38200000 5 1.855703
38200000 5 1.880221
38200000 5 1.877858
38200000 5 1.873722
38200000 5 1.872541
38200000 5 1.872245
38200000 5 1.889674
38200000 5 1.887311
38200000 5 1.870473
38200000 5 1.880516
38200000 5 1.857475
38200000 5 1.898536
38200000 5 1.893809
38200000 5 1.873131
38200000 5 1.868996
38200000 5 1.876676
38200000 5 1.857771
38200000 5 1.876676
38200000 5 1.892332
38200000 5 1.863088
38200000 5 1.872245
38200000 5 1.871655
38200000 5 1.887606
38200000 5 1.884947
38200000 5 1.854226
38200000 5 1.858952
38200000 5 1.861315
38200000 5 1.843296
38200000 5 1.851863
38200000 5 1.851272
38200000 5 1.877267
38200000 5 1.897945
38200000 5 1.871359
38200000 5 1.853340
38200000 5 1.874018
38200000 5 1.864860
38200000 5 1.872836
38200000 5 1.866042
38200000 5 1.889969
38200000 5 1.882584
38200000 5 1.884061
38200000 5 1.878153
38200000 5 1.881993
38200000 5 1.891742
38200000 5 1.889378
38200000 5 1.865451
38200000 5 1.880516
38200000 5 1.875790
38200000 5 1.874313
38200000 5 1.875790
38200000 5 1.877858
38200000 5 1.871359
38200000 5 1.879039
38200000 5 1.880812
38200000 5 1.884357
38200000 5 1.881993
38200000 5 1.889083
38200000 5 1.865451
38200000 5 1.876972
38200000 5 1.883766
38200000 5 1.867814
38200000 5 1.850386
38200000 5 1.860134
38200000 5 1.860725
38200000 5 1.858952
38200000 5 1.855112
38200000 5 1.858361
38200000 5 1.885243
38200000 5 1.866928
38200000 5 1.877267
38200000 5 1.870473
38200000 5 1.879926
38200000 5 1.871655
38200000 5 1.877562
38200000 5 1.864269
38200000 5 1.849204
38200000 5 1.862792
38200000 5 1.895582
38200000 5 1.874313
38200000 5 1.882289
38200000 5 1.876676
38200000 5 1.878744
38200000 5 1.870473
38200000 5 1.885834
38200000 5 1.851272
38200000 5 1.857771
38200000 5 1.874313
38200000 5 1.877267
38200000 5 1.891446
38200000 5 1.882584
38200000 5 1.872836
38200000 5 1.879335
38200000 5 1.877562
38200000 5 1.866337
38200000 5 1.862202
38200000 5 1.871655
38200000 5 1.875790
38200000 5 1.863679
38200000 5 1.877267
38200000 5 1.888788
38200000 5 1.878744
38200000 5 1.863974
38200000 5 1.859543
38200000 5 1.887311
38200000 5 1.908875
38200000 5 1.872541
38200000 5 1.878153
38200000 5 1.846841
38200000 5 1.888197
38200000 5 1.887606
38200000 5 1.874018
38200000 5 1.874018
38200000 5 1.891446
38200000 5 1.878153
38200000 5 1.887311
38200000 5 1.874608
38200000 5 1.872541
38200000 5 1.869882
38200000 5 1.884357
38200000 5 1.881698
38200000 5 1.889674
38200000 5 1.862202
38200000 5 1.862202
38200000 5 1.883470
38200000 5 1.880221
38200000 5 1.872245
38200000 5 1.860134
38200000 5 1.889969
38200000 5 1.900308
38200000 5 1.886129
38200000 5 1.871064
38200000 5 1.875495
38200000 5 1.886720
38200000 5 1.887901
38200000 5 1.873131
38200000 5 1.865746
38200000 5 1.880221
38200000 5 1.887015
38200000 5 1.879039
38200000 5 1.881698
38200000 5 1.886720
38200000 5 1.893809
38200000 5 1.896763
38200000 5 1.900308
38200000 5 1.865156
38200000 5 1.882584
38200000 5 1.880221
38200000 5 1.877858
38200000 5 1.887311
38200000 5 1.860429
38200000 5 1.881993
38200000 5 1.900308
38200000 5 1.885243
38200000 5 1.874608
38200000 5 1.878449
38200000 5 1.877267
38200000 5 1.879335
38200000 5 1.897354
38200000 5 1.904148
38200000 5 1.867224
38200000 5 1.874608
38200000 5 1.889378
38200000 5 1.876381
38200000 5 1.875495
38200000 5 1.877562
38200000 5 1.879630
38200000 5 1.878449
38200000 5 1.875790
38200000 5 1.884947
38200000 5 1.879630
38200000 5 1.873722
38200000 5 1.883175
38200000 5 1.874904
38200000 5 1.868110
38200000 5 1.882289
38200000 5 1.885538
38200000 5 1.886129
38200000 5 1.867519
38200000 5 1.875790
38200000 5 1.876676
38200000 5 1.896763
38200000 5 1.904444
38200000 5 1.874904
38200000 5 1.879039
38200000 5 1.851272
38200000 5 1.888197
38200000 5 1.874018
38200000 5 1.873131
38200000 5 1.898536
38200000 5 1.889378
38200000 5 1.897059
38200000 5 1.871655
38200000 5 1.867519
38200000 5 1.886129
38200000 5 1.882289
38200000 5 1.875495
38200000 5 1.884357
38200000 5 1.882584
38200000 5 1.884061
38200000 5 1.874904
38200000 5 1.867519
38200000 5 1.884947
38200000 5 1.888788
38200000 5 1.878449
38200000 5 1.886129
38200000 5 1.863679
38200000 5 1.868701
38200000 5 1.884947
38200000 5 1.897354
38200000 5 1.879630
38200000 5 1.874904
38200000 5 1.884947
38200000 5 1.865156
38200000 5 1.854817
38200000 5 1.857475
38200000 5 1.865156
38200000 5 1.853044
38200000 5 1.866337
38200000 5 1.882880
38200000 5 1.875790
38200000 5 1.877267
38200000 5 1.864565
38200000 5 1.857771
38200000 5 1.874313
38200000 5 1.864860
38200000 5 1.859248
38200000 5 1.874608
38200000 5 1.871950
38200000 5 1.873427
38200000 5 1.872541
38200000 5 1.864565
38200000 5 1.884652
38200000 5 1.902081
38200000 5 1.894105
38200000 5 1.875790
38200000 5 1.866042
38200000 5 1.859248
38200000 5 1.862202
38200000 5 1.878153
38200000 5 1.881993
38200000 5 1.875495
38200000 5 1.860429
38200000 5 1.866337
38200000 5 1.880221
38200000 5 1.870178
38200000 5 1.860725
38200000 5 1.858952
38200000 5 1.865451
38200000 5 1.869587
38200000 5 1.874608
38200000 5 1.884061
38200000 5 1.867224
38200000 5 1.876085
38200000 5 1.892923
38200000 5 1.877562
38200000 5 1.873131
38200000 5 1.850386
38200000 5 1.903262
38200000 5 1.879926
38200000 5 1.881993
38200000 5 1.868996
38200000 5 1.829708
38200000 5 1.894105
38200000 5 1.869291
38200000 5 1.882880
38200000 5 1.869291
38200000 5 1.862792
38200000 5 1.855998
38200000 5 1.902081
38200000 5 1.868996
38200000 5 1.858066
38200000 5 1.869291
38200000 5 1.852453
38200000 5 1.881107
38200000 5 1.887901
38200000 5 1.870473
38200000 5 1.865746
38200000 5 1.868996
38200000 5 1.853044
38200000 5 1.882880
38200000 5 1.873427
38200000 5 1.873427
38200000 5 1.863088
38200000 5 1.858952
38200000 5 1.864565
38200000 5 1.880516
38200000 5 1.863974
38200000 5 1.859543
38200000 5 1.868110
38200000 5 1.874904
38200000 5 1.884357
38200000 5 1.868701
38200000 5 1.860725
38200000 5 1.871359
38200000 5 1.868701
38200000 5 1.878153
38200000 5 1.857771
38200000 5 1.861020
38200000 5 1.889378
38200000 5 1.911829
38200000 5 1.902967
38200000 5 1.892628
38200000 5 1.907398
38200000 5 1.881698
38200000 5 1.898831
38200000 5 1.916851
38200000 5 1.920691
38200000 5 1.939596
38200000 5 1.972386
38200000 5 1.976521
38200000 5 1.971204
38200000 5 1.970909
38200000 5 1.980066
38200000 5 1.994541
38200000 5 2.006357
38200000 5 2.026444
38200000 5 2.051553
38200000 5 2.050962
38200000 5 2.019059
38200000 5 2.046827
38200000 5 2.058347
38200000 5 2.050371
38200000 5 2.103839
38200000 5 2.123335
38200000 5 2.133083
38200000 5 2.142536
38200000 5 2.149330
38200000 5 2.189505
38200000 5 2.194527
38200000 5 2.166759
38200000 5 2.187732
38200000 5 2.215796
38200000 5 2.223476
38200000 5 2.253311
38200000 5 2.319185
38200000 5 2.361132
38200000 5 2.355224
38200000 5 2.385060
38200000 5 2.388014
38200000 5 2.436459
38200000 5 2.412236
38200000 5 2.436755
38200000 5 2.465113
38200000 5 2.507651
38200000 5 2.545757
38200000 5 2.562300
38200000 5 2.601588
38200000 5 2.632605
38200000 5 2.655055
38200000 5 2.677210
38200000 5 2.689617
38200000 5 2.731268
38200000 5 2.785918
38200000 5 2.858881
38200000 5 2.876901
38200000 5 2.953409
38200000 5 2.950160
38200000 5 3.008354
38200000 5 3.082499
38200000 5 3.100518
38200000 5 3.125332
38200000 5 3.208339
38200000 5 3.243492
38200000 5 3.280417
38200000 5 3.376718
38200000 5 3.408325
38200000 5 3.542141
38200000 5 3.592655
38200000 5 3.615696
38200000 5 3.666505
38200000 5 3.703135
38200000 5 3.802980
38200000 5 3.865900
38200000 5 3.927639
38200000 5 3.983469
38200000 5 4.018031
38200000 5 4.071794
38200000 5 4.171639
38200000 5 4.251988
38200000 5 4.340608
38200000 5 4.490080
38200000 5 4.613262
38200000 5 4.692725
38200000 5 4.823587
38200000 5 4.924023
38200000 5 5.005258
38200000 5 5.054885
38200000 5 5.129621
38200000 5 5.221490
38200000 5 5.319859
38200000 5 5.383370
38200000 5 5.432406
38200000 5 5.540227
38200000 5 5.616145
38200000 5 5.710673
38200000 5 5.805496
38200000 5 5.869303
38200000 5 5.955855
38200000 5 6.131913
38200000 5 6.246824
38200000 5 6.342829
38200000 5 6.439720
38200000 5 6.543110
38200000 5 6.681653
38200000 5 6.822854
38200000 5 6.905566
38200000 5 7.058878
38200000 5 7.222235
38200000 5 7.418971
38200000 5 7.573465
38200000 5 7.760158
38200000 5 7.874774
38200000 5 7.961621
38200000 5 8.081258
38200000 5 8.213597
38200000 5 8.336484
38200000 5 8.473549
38200000 5 8.646063
38200000 5 8.735569
38200000 5 8.859637
38200000 5 9.008224
38200000 5 9.120475
38200000 5 9.213821
38200000 5 9.351773
38200000 5 9.481158
38200000 5 9.706253
38200000 5 9.916874
38200000 5 10.028831
38200000 5 10.154375
38200000 5 10.252744
38200000 5 10.338409
38200000 5 10.486996
38200000 5 10.587728
38200000 5 10.743402
38200000 5 10.872493
38200000 5 11.011331
38200000 5 11.158145
38200000 5 11.289007
38200000 5 11.505239
38200000 5 11.657075
38200000 5 11.808320
38200000 5 11.985559
38200000 5 12.114058
38200000 5 12.200611
38200000 5 12.373125
38200000 5 12.515508
38200000 5 12.558045
38200000 5 12.667639
38200000 5 12.785799
38200000 5 12.938520
38200000 5 13.053431
38200000 5 13.113692
38200000 5 13.164206
38200000 5 13.245146
38200000 5 13.267596
38200000 5 13.350013
38200000 5 13.488851
38200000 5 13.625621
38200000 5 13.764754
38200000 5 13.845103
38200000 5 13.910682
38200000 5 14.082900
38200000 5 14.223215
38200000 5 14.281704
38200000 5 14.334876
38200000 5 14.431472
38200000 5 14.544020
38200000 5 14.622005
38200000 5 14.864824
38200000 5 15.166428
38200000 5 15.385614
38200000 5 15.491072
38200000 5 15.587963
38200000 5 15.662994
38200000 5 15.790312
38200000 5 15.946874
38200000 5 16.057945
38200000 5 16.137112
38200000 5 16.326464
38200000 5 16.567804
38200000 5 16.692759
38200000 5 16.775471
38200000 5 16.908993
38200000 5 16.984909
38200000 5 17.044580
38200000 5 17.106024
38200000 5 17.147379
38200000 5 17.296556
38200000 5 17.420034
38200000 5 17.574823
38200000 5 17.646015
38200000 5 17.665216
38200000 5 17.692688
38200000 5 17.763880
38200000 5 17.885880
38200000 5 17.942596
38200000 5 17.972431
38200000 5 18.019991
38200000 5 18.186302
38200000 5 18.282898
38200000 5 18.368267
38200000 5 18.412579
38200000 5 18.442413
38200000 5 18.535759
38200000 5 18.642990
38200000 5 18.770308
38200000 5 18.899693
38200000 5 18.998060
38200000 5 19.079887
38200000 5 19.121538
38200000 5 19.160234
38200000 5 19.207205
38200000 5 19.243538
38200000 5 19.379128
38200000 5 19.505558
38200000 5 19.590929
38200000 5 19.631989
38200000 5 19.610720
38200000 5 19.628740
38200000 5 19.679253
38200000 5 19.717655
38200000 5 19.785006
38200000 5 19.780279
38200000 5 19.788551
38200000 5 19.785006
38200000 5 19.817501
38200000 5 19.915869
38200000 5 19.925322
38200000 5 20.039347
38200000 5 20.102266
38200000 5 20.098131
38200000 5 20.075089
38200000 5 20.039936
38200000 5 20.086315
38200000 5 20.170504
38200000 5 20.196499
38200000 5 20.195316
38200000 5 20.158983
38200000 5 20.206247
38200000 5 20.357197
38200000 5 20.444340
38200000 5 20.406528
38200000 5 20.258238
38200000 5 20.161346
38200000 5 20.200634
38200000 5 20.321749
38200000 5 20.422480
38200000 5 20.504009
38200000 5 20.537981
38200000 5 20.559546
38200000 5 20.657913
38200000 5 20.787889
38200000 5 20.926432
38200000 5 20.916388
38200000 5 20.946224
38200000 5 20.997919
38200000 5 21.023323
38200000 5 21.026278
38200000 5 21.069996
38200000 5 21.179295
38200000 5 21.264370
38200000 5 21.360670
38200000 5 21.406162
38200000 5 21.437178
38200000 5 21.469082
38200000 5 21.479422
38200000 5 21.498917
38200000 5 21.590786
38200000 5 21.740850
38200000 5 21.817062
38200000 5 21.765072
38200000 5 21.617077
38200000 5 21.508074
38200000 5 21.537910
38200000 5 21.629189
38200000 5 21.656956
38200000 5 21.647503
38200000 5 21.671726
38200000 5 21.663456
38200000 5 21.569517
38200000 5 21.484442
38200000 5 21.379871
38200000 5 21.357124
38200000 5 21.329948
38200000 5 21.266733
38200000 5 21.235125
38200000 5 21.212675
38200000 5 21.221241
38200000 5 21.220650
38200000 5 21.103081
38200000 5 20.945633
38200000 5 20.834562
38200000 5 20.848150
38200000 5 20.865875
38200000 5 20.871193
38200000 5 20.820087
38200000 5 20.785231
38200000 5 20.784639
38200000 5 20.786118
38200000 5 20.798523
38200000 5 20.824518
38200000 5 20.786413
38200000 5 20.688339
38200000 5 20.626307
38200000 5 20.611240
38200000 5 20.714926
38200000 5 20.805319
38200000 5 20.837221
38200000 5 20.781096
38200000 5 20.739149
38200000 5 20.723196
38200000 5 20.833971
38200000 5 20.916094
38200000 5 20.987875
38200000 5 21.103672
38200000 5 21.184908
38200000 5 21.255802
38200000 5 21.298931
38200000 5 21.408230
38200000 5 21.604965
38200000 5 21.781025
38200000 5 21.810268
38200000 5 21.703039
38200000 5 21.482965
38200000 5 21.401731
38200000 5 21.370419
38200000 5 21.553270
38200000 5 21.770981
38200000 5 21.892389
38200000 5 21.895935
38200000 5 21.836559
38200000 5 21.809973
38200000 5 21.734941
38200000 5 21.604965
38200000 5 21.495964
38200000 5 21.377508
38200000 5 21.361557
38200000 5 21.308975
38200000 5 21.222717
38200000 5 21.163343
38200000 5 21.202927
38200000 5 21.271460
38200000 5 21.292137
38200000 5 21.232170
38200000 5 21.227444
38200000 5 21.223604
38200000 5 21.256393
38200000 5 21.250782
38200000 5 21.213560
38200000 5 21.113125
38200000 5 20.979898
38200000 5 20.794683
38200000 5 20.607105
38200000 5 20.535322
38200000 5 20.594402
38200000 5 20.634577
38200000 5 20.642258
38200000 5 20.574905
38200000 5 20.451429
38200000 5 20.418640
38200000 5 20.462950
38200000 5 20.577860
38200000 5 20.650824
38200000 5 20.615671
38200000 5 20.515825
38200000 5 20.462654
38200000 5 20.410664
38200000 5 20.270350
38200000 5 19.999762
38200000 5 19.792686
38200000 5 19.635830
38200000 5 19.406599
38200000 5 19.118288
38200000 5 18.552301
38200000 5 17.816166
38200000 5 17.239248
38200000 5 16.541513
38200000 5 15.812172
38200000 5 15.208670
38200000 5 14.399569
38200000 5 13.595785
38200000 5 13.037184
38200000 5 12.311682
38200000 5 11.845836
38200000 5 11.123583
38200000 5 10.473998
38200000 5 9.930166
38200000 5 9.367725
38200000 5 8.869680
38200000 5 8.425103
38200000 5 7.940057
38200000 5 7.500797
38200000 5 7.092554
38200000 5 6.665406
38200000 5 6.251846
38200000 5 5.934882
38200000 5 5.674930
38200000 5 5.471990
38200000 5 5.050454
38200000 5 4.788434
38200000 5 4.508690
38200000 5 4.324952
38200000 5 4.174593
38200000 5 4.070612
38200000 5 3.916413
38200000 5 3.784074
38200000 5 3.675958
38200000 5 3.548640
38200000 5 3.450567
38200000 5 3.381444
38200000 5 3.242311
38200000 5 3.139511
38200000 5 3.014853
38200000 5 2.923869
38200000 5 2.857109
38200000 5 2.787985
38200000 5 2.709409
38200000 5 2.660077
38200000 5 2.592431
38200000 5 2.563777
38200000 5 2.493767
38200000 5 2.432324
38200000 5 2.412827
38200000 5 2.333365
38200000 5 2.267786
38200000 5 2.215796
38200000 5 2.154352
38200000 5 2.088478
38200000 5 2.044463
38200000 5 2.013151
38200000 5 1.986861
38200000 5 1.942846
38200000 5 1.928076
38200000 5 1.918328
38200000 5 1.927781
38200000 5 1.955548
38200000 5 1.933098
38200000 5 1.908284
38200000 5 1.902967
38200000 5 1.854817
38200000 5 1.824686
38200000 5 1.810802
38200000 5 1.819369
38200000 5 1.837093
38200000 5 1.827935
38200000 5 1.827935
38200000 5 1.822323
38200000 5 1.790124
38200000 5 1.843296
38200000 5 1.824390
38200000 5 1.861906
38200000 5 1.855998
38200000 5 1.863383
38200000 5 1.860725
38200000 5 1.879335
38200000 5 1.882880
38200000 5 1.902671
38200000 5 1.908875
38200000 5 1.865746
38200000 5 1.904739
38200000 5 1.879630
38200000 5 1.889083
38200000 5 1.899127
38200000 5 1.892628
38200000 5 1.885538
38200000 5 1.869882
38200000 5 1.872245
38200000 5 1.892923
38200000 5 1.873131
38200000 5 1.871655
38200000 5 1.874313
38200000 5 1.886424
38200000 5 1.880812
38200000 5 1.861611
38200000 5 1.869882
38200000 5 1.857475
38200000 5 1.868110
38200000 5 1.872836
38200000 5 1.860134
38200000 5 1.854226
38200000 5 1.846545
38200000 5 1.872245
38200000 5 1.850386
38200000 5 1.898536
38200000 5 1.888197
38200000 5 1.887311
38200000 5 1.889378
38200000 5 1.874904
38200000 5 1.881698
38200000 5 1.890560
38200000 5 1.902376
38200000 5 1.902081
38200000 5 1.878153
38200000 5 1.879335
38200000 5 1.884652
38200000 5 1.888197
38200000 5 1.876085
38200000 5 1.884061
38200000 5 1.885834
38200000 5 1.873722
38200000 5 1.890265
38200000 5 1.866633
38200000 5 1.890855
38200000 5 1.884947
38200000 5 1.884652
38200000 5 1.910647
38200000 5 1.867814
38200000 5 1.884357
38200000 5 1.862202
38200000 5 1.881403
38200000 5 1.876381
38200000 5 1.885538
38200000 5 1.879335
38200000 5 1.888197
38200000 5 1.892332
38200000 5 1.889083
38200000 5 1.864860
38200000 5 1.868996
38200000 5 1.876085
38200000 5 1.877267
38200000 5 1.885243
38200000 5 1.887015
38200000 5 1.894105
38200000 5 1.884061
38200000 5 1.879630
38200000 5 1.879630
38200000 5 1.881993
38200000 5 1.893514
38200000 5 1.907398
38200000 5 1.897059
38200000 5 1.906216
38200000 5 1.864860
38200000 5 1.871064
38200000 5 1.864565
38200000 5 1.904739
38200000 5 1.883470
38200000 5 1.867224
38200000 5 1.871064
38200000 5 1.880221
38200000 5 1.887606
38200000 5 1.890560
38200000 5 1.869291
38200000 5 1.868110
38200000 5 1.861906
38200000 5 1.897650
38200000 5 1.881698
38200000 5 1.864269
38200000 5 1.850681
38200000 5 1.856884
38200000 5 1.842114
38200000 5 1.873722
38200000 5 1.870178
38200000 5 1.887015
38200000 5 1.863679
38200000 5 1.856294
38200000 5 1.874018
38200000 5 1.887606
38200000 5 1.896173
38200000 5 1.869882
38200000 5 1.889674
38200000 5 1.916555
38200000 5 1.900604
38200000 5 1.899717
38200000 5 1.877562
38200000 5 1.868110
38200000 5 1.862792
38200000 5 1.902671
38200000 5 1.873427
38200000 5 1.889674
38200000 5 1.867224
38200000 5 1.864269
38200000 5 1.892332
38200000 5 1.894696
38200000 5 1.882880
38200000 5 1.876085
38200000 5 1.883175
38200000 5 1.883766
38200000 5 1.857771
38200000 5 1.854521
38200000 5 1.875495
38200000 5 1.854817
38200000 5 1.858952
38200000 5 1.879630
38200000 5 1.893219
38200000 5 1.896468
38200000 5 1.895286
38200000 5 1.891742
38200000 5 1.914487
38200000 5 1.864269
38200000 5 1.864269
38200000 5 1.868405
38200000 5 1.881698
38200000 5 1.889083
38200000 5 1.871655
38200000 5 1.881993
38200000 5 1.869587
38200000 5 1.876381
38200000 5 1.868701
38200000 5 1.871359
38200000 5 1.864565
38200000 5 1.865746
38200000 5 1.843001
38200000 5 1.859543
38200000 5 1.863383
38200000 5 1.868701
38200000 5 1.855998
38200000 5 1.870473
38200000 5 1.878153
38200000 5 1.863383
38200000 5 1.871359
38200000 5 1.873131
38200000 5 1.907989
38200000 5 1.887606
38200000 5 1.881403
38200000 5 1.869587
38200000 5 1.892628
38200000 5 1.886720
38200000 5 1.879630
38200000 5 1.876085
38200000 5 1.871359
38200000 5 1.866928
38200000 5 1.869882
38200000 5 1.865156
38200000 5 1.870768
38200000 5 1.869291
38200000 5 1.868996
38200000 5 1.855407
38200000 5 1.876381
38200000 5 1.870768
38200000 5 1.866633
38200000 5 1.878449
38200000 5 1.867814
38200000 5 1.873722
38200000 5 1.876972
38200000 5 1.886720
38200000 5 1.878744
38200000 5 1.866337
38200000 5 1.872836
38200000 5 1.868701
38200000 5 1.859543
38200000 5 1.874904
38200000 5 1.866633
38200000 5 1.847727
38200000 5 1.864565
38200000 5 1.874313
38200000 5 1.863679
38200000 5 1.865451
38200000 5 1.857771
38200000 5 1.867519
38200000 5 1.861906
38200000 5 1.860134
38200000 5 1.871064
38200000 5 1.870473
38200000 5 1.891742
38200000 5 1.881993
38200000 5 1.874608
38200000 5 1.863974
38200000 5 1.879335
38200000 5 1.860429
38200000 5 1.868996
38200000 5 1.864269
38200000 5 1.872541
38200000 5 1.887015
38200000 5 1.884061
38200000 5 1.851863
38200000 5 1.881698
38200000 5 1.884061
38200000 5 1.874904
38200000 5 1.866633
38200000 5 1.873131
38200000 5 1.873427
38200000 5 1.861020
38200000 5 1.874608
38200000 5 1.876972
38200000 5 1.878449
38200000 5 1.871064
38200000 5 1.880812
38200000 5 1.881698
38200000 5 1.875495
38200000 5 1.884947
38200000 5 1.881107
38200000 5 1.859543
38200000 5 1.875495
38200000 5 1.871655
38200000 5 1.878449
38200000 5 1.880516
38200000 5 1.890265
38200000 5 1.863088
38200000 5 1.869882
38200000 5 1.865156
38200000 5 1.876676
38200000 5 1.881403
38200000 5 1.877562
38200000 5 1.879335
38200000 5 1.885834
38200000 5 1.885538
38200000 5 1.882289
38200000 5 1.894105
38200000 5 1.878744
38200000 5 1.873722
38200000 5 1.866928
38200000 5 1.856294
38200000 5 1.884061
38200000 5 1.884652
38200000 5 1.892923
38200000 5 1.872836
38200000 5 1.881993
38200000 5 1.874904
38200000 5 1.885243
38200000 5 1.870473
38200000 5 1.879630
38200000 5 1.893809
38200000 5 1.895877
38200000 5 1.889674
38200000 5 1.884652
38200000 5 1.868110
38200000 5 1.898240
38200000 5 1.871655
38200000 5 1.871359
38200000 5 1.879039
38200000 5 1.876676
38200000 5 1.866928
38200000 5 1.866633
38200000 5 1.890560
38200000 5 1.872541
38200000 5 1.886424
38200000 5 1.901785
38200000 5 1.882880
38200000 5 1.876381
38200000 5 1.871359
38200000 5 1.861906
38200000 5 1.900899
38200000 5 1.879335
38200000 5 1.869882
38200000 5 1.863679
38200000 5 1.883470
38200000 5 1.888197
38200000 5 1.894991
38200000 5 1.887015
38200000 5 1.880516
38200000 5 1.894400
38200000 5 1.899422
38200000 5 1.888197
38200000 5 1.879335
38200000 5 1.879630
38200000 5 1.860725
38200000 5 1.878744
38200000 5 1.905330
38200000 5 1.887606
38200000 5 1.880516
38200000 5 1.890265
38200000 5 1.885834
38200000 5 1.873427
38200000 5 1.888788
38200000 5 1.892923
38200000 5 1.884061
38200000 5 1.872541
38200000 5 1.883766
38200000 5 1.884357
38200000 5 1.884061
38200000 5 1.868996
38200000 5 1.881698
38200000 5 1.904148
38200000 5 1.882289
38200000 5 1.872245
38200000 5 1.878449
38200000 5 1.881107
38200000 5 1.862202
38200000 5 1.860725
38200000 5 1.862202
38200000 5 1.860725
38200000 5 1.879926
38200000 5 1.881403
38200000 5 1.886720
38200000 5 1.897945
38200000 5 1.884061
38200000 5 1.887606
38200000 5 1.894696
38200000 5 1.869882
38200000 5 1.864565
38200000 5 1.868110
38200000 5 1.890265
38200000 5 1.876972
38200000 5 1.889083
38200000 5 1.881403
38200000 5 1.890560
38200000 5 1.872245
38200000 5 1.876676
38200000 5 1.862792
38200000 5 1.879926
38200000 5 1.888197
38200000 5 1.873131
38200000 5 1.869882
38200000 5 1.867814
38200000 5 1.902671
38200000 5 1.892332
38200000 5 1.873131
38200000 5 1.901194
38200000 5 1.878449
38200000 5 1.873722
38200000 5 1.865156
38200000 5 1.883766
38200000 5 1.868405
38200000 5 1.881107
38200000 5 1.840047
38200000 5 1.853635
38200000 5 1.879335
38200000 5 1.855998
38200000 5 1.862202
38200000 5 1.859248
38200000 5 1.859543
38200000 5 1.875790
38200000 5 1.871359
38200000 5 1.870178
38200000 5 1.877562
38200000 5 1.858657
38200000 5 1.860134
38200000 5 1.887606
38200000 5 1.867519
38200000 5 1.871064
38200000 5 1.901194
38200000 5 1.855998
38200000 5 1.876972
38200000 5 1.860134
38200000 5 1.860429
38200000 5 1.897945
38200000 5 1.889674
38200000 5 1.860725
38200000 5 1.876381
38200000 5 1.841524
38200000 5 1.879335
38200000 5 1.863974
38200000 5 1.866633
38200000 5 1.870768
38200000 5 1.891151
38200000 5 1.902376
38200000 5 1.890560
38200000 5 1.880221
38200000 5 1.880516
38200000 5 1.884061
38200000 5 1.868405
38200000 5 1.865746
38200000 5 1.874018
38200000 5 1.885538
38200000 5 1.892628
38200000 5 1.879039
38200000 5 1.873131
38200000 5 1.892923
38200000 5 1.878744
38200000 5 1.882289
38200000 5 1.882289
38200000 5 1.873427
38200000 5 1.872541
38200000 5 1.881107
38200000 5 1.870178
38200000 5 1.886720
38200000 5 1.892628
38200000 5 1.879039
38200000 5 1.898240
38200000 5 1.890855
38200000 5 1.899717
38200000 5 1.881993
38200000 5 1.887606
38200000 5 1.884357
38200000 5 1.877562
38200000 5 1.875199
38200000 5 1.866928
38200000 5 1.885538
38200000 5 1.874313
38200000 5 1.868996
38200000 5 1.868701
38200000 5 1.884947
38200000 5 1.862792
38200000 5 1.878153
38200000 5 1.910647
38200000 5 1.865746
38200000 5 1.878449
38200000 5 1.870473
38200000 5 1.866337
38200000 5 1.877267
38200000 5 1.871064
38200000 5 1.879630
38200000 5 1.880221
38200000 5 1.894991
38200000 5 1.872245
38200000 5 1.888492
38200000 5 1.894696
38200000 5 1.863679
38200000 5 1.860134
38200000 5 1.909466
38200000 5 1.882289
38200000 5 1.863088
38200000 5 1.904148
38200000 5 1.910352
38200000 5 1.887015
38200000 5 1.876972
38200000 5 1.884061
38200000 5 1.867814
38200000 5 1.898536
38200000 5 1.879630
38200000 5 1.892332
38200000 5 1.881403
38200000 5 1.881403
38200000 5 1.890560
38200000 5 1.897945
38200000 5 1.887311
38200000 5 1.859543
38200000 5 1.887901
38200000 5 1.884357
38200000 5 1.887606
38200000 5 1.889378
38200000 5 1.868996
38200000 5 1.876381
38200000 5 1.868701
38200000 5 1.877562
38200000 5 1.903853
38200000 5 1.897354
38200000 5 1.905035
38200000 5 1.879926
38200000 5 1.867814
38200000 5 1.876381
38200000 5 1.883175
38200000 5 1.871359
38200000 5 1.874313
38200000 5 1.871064
38200000 5 1.878744
38200000 5 1.876085
38200000 5 1.877858
38200000 5 1.888492
38200000 5 1.883175
38200000 5 1.858361
38200000 5 1.857180
38200000 5 1.849795
38200000 5 1.874018
38200000 5 1.883175
38200000 5 1.880221
38200000 5 1.881403
38200000 5 1.873131
38200000 5 1.883175
38200000 5 1.880516
38200000 5 1.878153
38200000 5 1.836797
38200000 5 1.864269
38200000 5 1.882584
38200000 5 1.885243
38200000 5 1.890855
38200000 5 1.856294
38200000 5 1.876381
38200000 5 1.879335
38200000 5 1.891151
38200000 5 1.869291
38200000 5 1.862792
38200000 5 1.868996
38200000 5 1.862202
38200000 5 1.881107
38200000 5 1.866042
38200000 5 1.875495
38200000 5 1.855407
38200000 5 1.889674
38200000 5 1.871655
38200000 5 1.884652
38200000 5 1.891742
38200000 5 1.887901
38200000 5 1.884357
38200000 5 1.877562
38200000 5 1.871359
38200000 5 1.891742
38200000 5 1.875199
38200000 5 1.879039
38200000 5 1.868701
38200000 5 1.877267
38200000 5 1.877267
38200000 5 1.880221
38200000 5 1.887901
38200000 5 1.871359
38200000 5 1.881698
38200000 5 1.879039
38200000 5 1.887015
38200000 5 1.893514
38200000 5 1.890560
38200000 5 1.857180
38200000 5 1.870178
38200000 5 1.878449
38200000 5 1.881698
38200000 5 1.864565
38200000 5 1.871655
38200000 5 1.846545
38200000 5 1.866337
38200000 5 1.861020
38200000 5 1.872836
38200000 5 1.871655
38200000 5 1.868701
38200000 5 1.866337
38200000 5 1.873131
38200000 5 1.871359
38200000 5 1.874313
38200000 5 1.880516
38200000 5 1.884061
38200000 5 1.869587
38200000 5 1.864565
38200000 5 1.886424
38200000 5 1.863679
38200000 5 1.884652
38200000 5 1.868405
38200000 5 1.875790
38200000 5 1.875495
38200000 5 1.860725
38200000 5 1.868996
38200000 5 1.855112
38200000 5 1.871950
38200000 5 1.861611
38200000 5 1.865156
38200000 5 1.873427
38200000 5 1.882289
38200000 5 1.876085
38200000 5 1.857771
38200000 5 1.885243
38200000 5 1.891742
38200000 5 1.887901
38200000 5 1.880516
38200000 5 1.871064
38200000 5 1.866337
38200000 5 1.851272
38200000 5 1.864269
38200000 5 1.889083
38200000 5 1.881993
38200000 5 1.872245
38200000 5 1.855112
38200000 5 1.850681
38200000 5 1.862792
38200000 5 1.866928
38200000 5 1.863383
38200000 5 1.863383
38200000 5 1.863383
38200000 5 1.860429
38200000 5 1.861611
38200000 5 1.858361
38200000 5 1.838274
38200000 5 1.856884
38200000 5 1.869882
38200000 5 1.870473
38200000 5 1.879630
38200000 5 1.869587
38200000 5 1.866042
38200000 5 1.872836
38200000 5 1.897945
38200000 5 1.887015
38200000 5 1.874018
38200000 5 1.878153
38200000 5 1.859248
38200000 5 1.861020
38200000 5 1.868701
38200000 5 1.879335
38200000 5 1.862497
38200000 5 1.853930
38200000 5 1.854226
38200000 5 1.855407
38200000 5 1.841524
38200000 5 1.862202
38200000 5 1.871064
38200000 5 1.870768
38200000 5 1.867814
38200000 5 1.864860
38200000 5 1.866042
38200000 5 1.883175
38200000 5 1.877562
38200000 5 1.874904
38200000 5 1.890560
38200000 5 1.875790
38200000 5 1.878744
38200000 5 1.847432
38200000 5 1.855112
38200000 5 1.879926
38200000 5 1.886424
38200000 5 1.867814
38200000 5 1.872245
38200000 5 1.848022
38200000 5 1.868110
38200000 5 1.877858
38200000 5 1.842114
38200000 5 1.875495
38200000 5 1.876676
38200000 5 1.896763
38200000 5 1.862497
38200000 5 1.864269
38200000 5 1.873427
38200000 5 1.853340
38200000 5 1.879335
38200000 5 1.868110
38200000 5 1.867224
38200000 5 1.884061
38200000 5 1.868701
38200000 5 1.855703
38200000 5 1.874313
38200000 5 1.872245
38200000 5 1.866042
38200000 5 1.858066
38200000 5 1.863679
38200000 5 1.854817
38200000 5 1.867814
38200000 5 1.860725
38200000 5 1.868701
38200000 5 1.868701
38200000 5 1.860134
38200000 5 1.871655
38200000 5 1.854226
38200000 5 1.865156
38200000 5 1.845364
38200000 5 1.850386
38200000 5 1.867224
38200000 5 1.879039
38200000 5 1.873131
38200000 5 1.879630
38200000 5 1.885834
38200000 5 1.874608
38200000 5 1.874018
38200000 5 1.889674
38200000 5 1.845068
38200000 5 1.876381
38200000 5 1.869882
38200000 5 1.895877
38200000 5 1.878744
38200000 5 1.871655
38200000 5 1.879039
38200000 5 1.868405
38200000 5 1.875790
38200000 5 1.861020
38200000 5 1.867519
38200000 5 1.864565
38200000 5 1.879630
38200000 5 1.863679
38200000 5 1.883766
38200000 5 1.855703
38200000 5 1.853340
38200000 5 1.876972
38200000 5 1.858657
38200000 5 1.861315
38200000 5 1.866042
38200000 5 1.851863
38200000 5 1.868996
38200000 5 1.903262
38200000 5 1.871655
38200000 5 1.863088
38200000 5 1.882584
38200000 5 1.839751
38200000 5 1.858361
38200000 5 1.860725
38200000 5 1.847432
38200000 5 1.885834
38200000 5 1.879335
38200000 5 1.884947
38200000 5 1.879630
38200000 5 1.881698
38200000 5 1.884947
38200000 5 1.881993
38200000 5 1.894105
38200000 5 1.882584
38200000 5 1.870473
38200000 5 1.846545
38200000 5 1.879039
38200000 5 1.885243
38200000 5 1.892332
38200000 5 1.893809
38200000 5 1.868701
38200000 5 1.865156
38200000 5 1.882880
38200000 5 1.899127
38200000 5 1.880221
38200000 5 1.874904
38200000 5 1.871655
38200000 5 1.849204
38200000 5 1.864269
38200000 5 1.875199
38200000 5 1.861906
38200000 5 1.890560
38200000 5 1.861906
38200000 5 1.870768
38200000 5 1.900013
38200000 5 1.876085
38200000 5 1.885243
38200000 5 1.879335
38200000 5 1.885834
38200000 5 1.894696
38200000 5 1.879630
38200000 5 1.879335
38200000 5 1.876676
38200000 5 1.885538
38200000 5 1.878744
38200000 5 1.875199
38200000 5 1.877858
38200000 5 1.897354
38200000 5 1.889083
38200000 5 1.891742
38200000 5 1.867224
38200000 5 1.880221
38200000 5 1.874018
38200000 5 1.876085
38200000 5 1.885834
38200000 5 1.892037
38200000 5 1.884357
38200000 5 1.871655
38200000 5 1.874904
38200000 5 1.878153
38200000 5 1.901194
38200000 5 1.903558
38200000 5 1.892332
38200000 5 1.873131
38200000 5 1.881403
38200000 5 1.867224
38200000 5 1.875495
38200000 5 1.869291
38200000 5 1.884652
38200000 5 1.884061
38200000 5 1.897650
38200000 5 1.884947
38200000 5 1.871064
38200000 5 1.871655
38200000 5 1.880812
38200000 5 1.889969
38200000 5 1.873131
38200000 5 1.887606
38200000 5 1.871950
38200000 5 1.870473
38200000 5 1.869291
38200000 5 1.877562
38200000 5 1.891151
38200000 5 1.878449
38200000 5 1.873427
38200000 5 1.878153
38200000 5 1.874018
38200000 5 1.867519
38200000 5 1.865156
38200000 5 1.849204
38200000 5 1.876676
38200000 5 1.874313
38200000 5 1.861020
38200000 5 1.867224
38200000 5 1.889378
38200000 5 1.861315
38200000 5 1.862497
38200000 5 1.853340
38200000 5 1.869882
38200000 5 1.891446
38200000 5 1.856294
38200000 5 1.865156
38200000 5 1.884652
38200000 5 1.879926
38200000 5 1.861315
38200000 5 1.870473
38200000 5 1.889378
38200000 5 1.880516
38200000 5 1.878449
38200000 5 1.874608
38200000 5 1.874018
38200000 5 1.851272
38200000 5 1.864269
38200000 5 1.884061
38200000 5 1.881698
38200000 5 1.874904
38200000 5 1.880812
38200000 5 1.890265
38200000 5 1.865746
38200000 5 1.866042
38200000 5 1.859838
38200000 5 1.893809
38200000 5 1.893219
38200000 5 1.885538
38200000 5 1.893809
38200000 5 1.868405
38200000 5 1.882880
38200000 5 1.877562
38200000 5 1.873131
38200000 5 1.890855
38200000 5 1.871950
38200000 5 1.872541
38200000 5 1.875495
38200000 5 1.866042
38200000 5 1.869291
38200000 5 1.867519
38200000 5 1.874018
38200000 5 1.855998
38200000 5 1.857180
38200000 5 1.853340
38200000 5 1.838570
38200000 5 1.874018
38200000 5 1.873427
38200000 5 1.872836
38200000 5 1.887311
38200000 5 1.888492
38200000 5 1.875790
38200000 5 1.877858
38200000 5 1.871655
38200000 5 1.883470
38200000 5 1.863679
38200000 5 1.881698
38200000 5 1.881107
38200000 5 1.860725
38200000 5 1.866337
38200000 5 1.867519
38200000 5 1.866337
38200000 5 1.893219
38200000 5 1.882289
38200000 5 1.877562
38200000 5 1.857475
38200000 5 1.874608
38200000 5 1.864565
38200000 5 1.846545
38200000 5 1.881698
38200000 5 1.885538
38200000 5 1.878744
38200000 5 1.888492
38200000 5 1.902671
38200000 5 1.861611
38200000 5 1.877562
38200000 5 1.858657
38200000 5 1.861020
38200000 5 1.881403
38200000 5 1.877267
38200000 5 1.880221
38200000 5 1.857771
38200000 5 1.881993
38200000 5 1.875495
38200000 5 1.880221
38200000 5 1.860429
38200000 5 1.861906
38200000 5 1.861020
38200000 5 1.887015
38200000 5 1.867814
38200000 5 1.864565
38200000 5 1.881107
38200000 5 1.871064
38200000 5 1.876085
38200000 5 1.868996
38200000 5 1.867814
38200000 5 1.875790
38200000 5 1.895582
38200000 5 1.909761
38200000 5 1.878744
38200000 5 1.858361
38200000 5 1.871950
38200000 5 1.879926
38200000 5 1.836206
38200000 5 1.867224
38200000 5 1.874608
38200000 5 1.853044
38200000 5 1.858952
38200000 5 1.866042
38200000 5 1.871359
38200000 5 1.878153
38200000 5 1.857771
38200000 5 1.867814
38200000 5 1.868996
38200000 5 1.853340
38200000 5 1.860134
38200000 5 1.858952
38200000 5 1.861020
38200000 5 1.884947
38200000 5 1.883766
38200000 5 1.879630
38200000 5 1.865156
38200000 5 1.860725
38200000 5 1.854226
38200000 5 1.864860
38200000 5 1.870473
38200000 5 1.871655
38200000 5 1.861315
38200000 5 1.875199
38200000 5 1.874904
38200000 5 1.880812
38200000 5 1.865451
38200000 5 1.866337
382000