wf1 38000000

### CANGATE ### 04/20/2018

BAUDRATE is FIXED AT: 2000000 baud
argc 3
0 cangate
1 127.0.0.1
2 32123
Socket opened OK.  IP: 127.0.0.1 PORT: 32123
CANID sql file did not open: ../../../../../svn_common/trunk/db/CANID_INSERT.sql
Control C to break & exit
a - ascii monitor of a CAN unit
d - list raw msgs
f - display fix: (e.g. f<enter>, or f E2600000<enter>
h - Photodetector level histogram from sensor
l - list unix time/date in heartbeat time msgs (l e1000000)
n - list msg id's and msg ct during 1 sec (coarse computer timing)
u - list msg id's and msg ct between CAN 1 sec time mgs (e.g. u 00600000)
m - list msgs for id entered 'm xxxxxxxx (CAN ID as 8 hex digits)'
q - Identify received msgs from CANID.sql file
r - send high priority RESET
s - Toggle sending of test msg file to CAN bus on/off
c - request & display launch parameters
w - list msgs float (wf) or integer (wi) payload with payload byte offset (wi1 E1800000)
x - cancel command
Control C to quit program
38000000 5 11.763063
38000000 5 11.752540
38000000 5 11.765722
38000000 5 11.758410
38000000 5 11.768381
38000000 5 11.756970
38000000 5 11.748441
38000000 5 11.766165
38000000 5 11.770264
38000000 5 11.761845
38000000 5 11.767716
38000000 5 11.768602
38000000 5 11.755198
38000000 5 11.752096
38000000 5 11.758632
38000000 5 11.751210
38000000 5 11.756860
38000000 5 11.752096
38000000 5 11.763174
38000000 5 11.762620
38000000 5 11.753980
38000000 5 11.773698
38000000 5 11.755309
38000000 5 11.759186
38000000 5 11.769156
38000000 5 11.762731
38000000 5 11.744674
38000000 5 11.745007
38000000 5 11.767273
38000000 5 11.760736
38000000 5 11.765168
38000000 5 11.761180
38000000 5 11.763174
38000000 5 11.766941
38000000 5 11.768048
38000000 5 11.758743
38000000 5 11.759075
38000000 5 11.765722
38000000 5 11.759408
38000000 5 11.756416
38000000 5 11.765389
38000000 5 11.755862
38000000 5 11.756195
38000000 5 11.765722
38000000 5 11.754644
38000000 5 11.755087
38000000 5 11.752650
38000000 5 11.759519
38000000 5 11.757192
38000000 5 11.764614
38000000 5 11.765833
38000000 5 11.760848
38000000 5 11.767716
38000000 5 11.760515
38000000 5 11.762731
38000000 5 11.768159
38000000 5 11.768381
38000000 5 11.770042
38000000 5 11.768934
38000000 5 11.754201
38000000 5 11.752982
38000000 5 11.762066
38000000 5 11.760294
38000000 5 11.758632
38000000 5 11.760626
38000000 5 11.759075
38000000 5 11.757746
38000000 5 11.755087
38000000 5 11.753204
38000000 5 11.760294
38000000 5 11.756527
38000000 5 11.758521
38000000 5 11.766719
38000000 5 11.769821
38000000 5 11.762399
38000000 5 11.759629
38000000 5 11.767273
38000000 5 11.754422
38000000 5 11.757967
38000000 5 11.750102
38000000 5 11.758079
38000000 5 11.770707
38000000 5 11.767052
38000000 5 11.769711
38000000 5 11.765722
38000000 5 11.760736
38000000 5 11.747997
38000000 5 11.748773
38000000 5 11.748108
38000000 5 11.756416
38000000 5 11.756195
38000000 5 11.752317
38000000 5 11.751986
38000000 5 11.755974
38000000 5 11.764614
38000000 5 11.761955
38000000 5 11.760848
38000000 5 11.759961
38000000 5 11.764393
38000000 5 11.760294
38000000 5 11.758521
38000000 5 11.760515
38000000 5 11.766054
38000000 5 11.759851
38000000 5 11.756749
38000000 5 11.761955
38000000 5 11.767716
38000000 5 11.770928
38000000 5 11.753426
38000000 5 11.758300
38000000 5 11.756084
38000000 5 11.759075
38000000 5 11.768602
38000000 5 11.766941
38000000 5 11.752872
38000000 5 11.765722
38000000 5 11.760405
38000000 5 11.755530
38000000 5 11.756970
38000000 5 11.770153
38000000 5 11.771704
38000000 5 11.758743
38000000 5 11.766276
38000000 5 11.763395
38000000 5 11.763395
38000000 5 11.765168
38000000 5 11.756527
38000000 5 11.753868
38000000 5 11.753315
38000000 5 11.758521
38000000 5 11.756860
38000000 5 11.749437
38000000 5 11.759740
38000000 5 11.759740
38000000 5 11.761291
38000000 5 11.757746
38000000 5 11.756860
38000000 5 11.766829
38000000 5 11.766276
38000000 5 11.759186
38000000 5 11.763949
38000000 5 11.763507
38000000 5 11.760405
38000000 5 11.752207
38000000 5 11.764060
38000000 5 11.761069
38000000 5 11.762731
38000000 5 11.757524
38000000 5 11.753426
38000000 5 11.753536
38000000 5 11.767605
38000000 5 11.765279
38000000 5 11.759519
38000000 5 11.758300
38000000 5 11.756749
38000000 5 11.756970
38000000 5 11.764503
38000000 5 11.761734
38000000 5 11.763507
38000000 5 11.762842
38000000 5 11.760183
38000000 5 11.750877
38000000 5 11.759629
38000000 5 11.754866
38000000 5 11.752761
38000000 5 11.759408
38000000 5 11.757746
38000000 5 11.754976
38000000 5 11.753757
38000000 5 11.761513
38000000 5 11.759629
38000000 5 11.750434
38000000 5 11.752540
38000000 5 11.755752
38000000 5 11.757856
38000000 5 11.754090
38000000 5 11.762509
38000000 5 11.758743
38000000 5 11.762066
38000000 5 11.761734
38000000 5 11.765944
38000000 5 11.762066
38000000 5 11.756306
38000000 5 11.755198
38000000 5 11.759075
38000000 5 11.754533
38000000 5 11.758079
38000000 5 11.744009
38000000 5 11.764171
38000000 5 11.771261
38000000 5 11.772591
38000000 5 11.760515
38000000 5 11.772037
38000000 5 11.758521
38000000 5 11.768048
38000000 5 11.760626
38000000 5 11.758189
38000000 5 11.767716
38000000 5 11.759961
38000000 5 11.757856
38000000 5 11.759186
38000000 5 11.754866
38000000 5 11.757746
38000000 5 11.767273
38000000 5 11.763728
38000000 5 11.760515
38000000 5 11.758854
38000000 5 11.762620
38000000 5 11.762731
38000000 5 11.755530
38000000 5 11.758410
38000000 5 11.754866
38000000 5 11.758965
38000000 5 11.759186
38000000 5 11.762842
38000000 5 11.766165
38000000 5 11.748551
38000000 5 11.754866
38000000 5 11.769046
38000000 5 11.772368
38000000 5 11.747887
38000000 5 11.766387
38000000 5 11.765612
38000000 5 11.753204
38000000 5 11.766608
38000000 5 11.760073
38000000 5 11.758300
38000000 5 11.751986
38000000 5 11.759629
38000000 5 11.766829
38000000 5 11.761180
38000000 5 11.752982
38000000 5 11.757524
38000000 5 11.760959
38000000 5 11.762288
38000000 5 11.763507
38000000 5 11.762620
38000000 5 11.763728
38000000 5 11.769046
38000000 5 11.768492
38000000 5 11.767273
38000000 5 11.768824
38000000 5 11.760736
38000000 5 11.763618
38000000 5 11.758521
38000000 5 11.754644
38000000 5 11.760626
38000000 5 11.761955
38000000 5 11.763618
38000000 5 11.769488
38000000 5 11.764393
38000000 5 11.757635
38000000 5 11.756416
38000000 5 11.761069
38000000 5 11.749327
38000000 5 11.756306
38000000 5 11.769156
38000000 5 11.770042
38000000 5 11.755530
38000000 5 11.759296
38000000 5 11.753093
38000000 5 11.757524
38000000 5 11.750546
38000000 5 11.752317
38000000 5 11.753868
38000000 5 11.770928
38000000 5 11.764393
38000000 5 11.757081
38000000 5 11.771704
38000000 5 11.759408
38000000 5 11.743344
38000000 5 11.753536
38000000 5 11.755530
38000000 5 11.750102
38000000 5 11.763728
38000000 5 11.757302
38000000 5 11.760294
38000000 5 11.754866
38000000 5 11.761401
38000000 5 11.760294
38000000 5 11.766941
38000000 5 11.758743
38000000 5 11.755862
38000000 5 11.750877
38000000 5 11.746889
38000000 5 11.746668
38000000 5 11.762842
38000000 5 11.768602
38000000 5 11.754201
38000000 5 11.758632
38000000 5 11.757856
38000000 5 11.754201
38000000 5 11.756639
38000000 5 11.756195
38000000 5 11.762620
38000000 5 11.752317
38000000 5 11.761401
38000000 5 11.765279
38000000 5 11.756527
38000000 5 11.764835
38000000 5 11.758521
38000000 5 11.754866
38000000 5 11.751431
38000000 5 11.751099
38000000 5 11.766608
38000000 5 11.752650
38000000 5 11.751875
38000000 5 11.764060
38000000 5 11.757856
38000000 5 11.761734
38000000 5 11.755530
38000000 5 11.765612
38000000 5 11.755862
38000000 5 11.748441
38000000 5 11.754755
38000000 5 11.758743
38000000 5 11.751542
38000000 5 11.748441
38000000 5 11.755309
38000000 5 11.759740
38000000 5 11.755309
38000000 5 11.748883
38000000 5 11.759408
38000000 5 11.760294
38000000 5 11.762509
38000000 5 11.757192
38000000 5 11.757856
38000000 5 11.766276
38000000 5 11.764835
38000000 5 11.762177
38000000 5 11.762066
38000000 5 11.764835
38000000 5 11.758521
38000000 5 11.759961
38000000 5 11.760959
38000000 5 11.763174
38000000 5 11.763063
38000000 5 11.759629
38000000 5 11.760959
38000000 5 11.762288
38000000 5 11.759296
38000000 5 11.754866
38000000 5 11.755087
38000000 5 11.763063
38000000 5 11.757746
38000000 5 11.757414
38000000 5 11.763285
38000000 5 11.763507
38000000 5 11.761291
38000000 5 11.759296
38000000 5 11.759519
38000000 5 11.753426
38000000 5 11.749105
38000000 5 11.738914
38000000 5 11.760515
38000000 5 11.777132
38000000 5 11.764282
38000000 5 11.758632
38000000 5 11.763507
38000000 5 11.759851
38000000 5 11.749105
38000000 5 11.749770
38000000 5 11.770928
38000000 5 11.770597
38000000 5 11.753868
38000000 5 11.781342
38000000 5 11.774473
38000000 5 11.742458
38000000 5 11.751653
38000000 5 11.765389
38000000 5 11.758743
38000000 5 11.757302
38000000 5 11.779016
38000000 5 11.775249
38000000 5 11.750767
38000000 5 11.745782
38000000 5 11.769711
38000000 5 11.760515
38000000 5 11.762509
38000000 5 11.773366
38000000 5 11.776690
38000000 5 11.764393
38000000 5 11.765500
38000000 5 11.776467
38000000 5 11.763063
38000000 5 11.763618
38000000 5 11.773477
38000000 5 11.774917
38000000 5 11.753980
38000000 5 11.762731
38000000 5 11.772258
38000000 5 11.765168
38000000 5 11.753093
38000000 5 11.777021
38000000 5 11.775360
38000000 5 11.752207
38000000 5 11.759519
38000000 5 11.769488
38000000 5 11.755862
38000000 5 11.750656
38000000 5 11.767162
38000000 5 11.765500
38000000 5 11.751431
38000000 5 11.766054
38000000 5 11.766941
38000000 5 11.764614
38000000 5 11.761955
38000000 5 11.775692
38000000 5 11.769711
38000000 5 11.758743
38000000 5 11.770375
38000000 5 11.772923
38000000 5 11.753093
38000000 5 11.761513
38000000 5 11.770928
38000000 5 11.755752
38000000 5 11.745117
38000000 5 11.757746
38000000 5 11.768048
38000000 5 11.770375
38000000 5 11.764393
38000000 5 11.772591
38000000 5 11.758854
38000000 5 11.752428
38000000 5 11.766719
38000000 5 11.769378
38000000 5 11.755862
38000000 5 11.756970
38000000 5 11.775803
38000000 5 11.769156
38000000 5 11.741240
38000000 5 11.756749
38000000 5 11.781674
38000000 5 11.759961
38000000 5 11.744230
38000000 5 11.776467
38000000 5 11.785884
38000000 5 11.748108
38000000 5 11.759961
38000000 5 11.772591
38000000 5 11.760294
38000000 5 11.732931
38000000 5 11.767494
38000000 5 11.764060
38000000 5 11.753980
38000000 5 11.759296
38000000 5 11.796408
38000000 5 11.776690
38000000 5 11.747000
38000000 5 11.766165
38000000 5 11.772591
38000000 5 11.759186
38000000 5 11.762066
38000000 5 11.770375
38000000 5 11.760848
38000000 5 11.751210
38000000 5 11.766829
38000000 5 11.775803
38000000 5 11.751431
38000000 5 11.757746
38000000 5 11.769711
38000000 5 11.753426
38000000 5 11.762842
38000000 5 11.773366
38000000 5 11.776246
38000000 5 11.759961
38000000 5 11.768492
38000000 5 11.774917
38000000 5 11.755198
38000000 5 11.756970
38000000 5 11.766387
38000000 5 11.768048
38000000 5 11.749881
38000000 5 11.743788
38000000 5 11.756306
38000000 5 11.751986
38000000 5 11.755309
38000000 5 11.752428
38000000 5 11.771482
38000000 5 11.763839
38000000 5 11.758079
38000000 5 11.775360
38000000 5 11.763285
38000000 5 11.740132
38000000 5 11.755309
38000000 5 11.753757
38000000 5 11.762953
38000000 5 11.741683
38000000 5 11.760848
38000000 5 11.752207
38000000 5 11.746447
38000000 5 11.761291
38000000 5 11.776025
38000000 5 11.773145
38000000 5 11.763174
38000000 5 11.762066
38000000 5 11.770375
38000000 5 11.760848
38000000 5 11.753980
38000000 5 11.760183
38000000 5 11.753204
38000000 5 11.743677
38000000 5 11.765389
38000000 5 11.763285
38000000 5 11.757746
38000000 5 11.765168
38000000 5 11.758965
38000000 5 11.756970
38000000 5 11.760073
38000000 5 11.772368
38000000 5 11.751763
38000000 5 11.749881
38000000 5 11.763839
38000000 5 11.750323
38000000 5 11.749991
38000000 5 11.763395
38000000 5 11.774806
38000000 5 11.766498
38000000 5 11.753536
38000000 5 11.768048
38000000 5 11.764947
38000000 5 11.763063
38000000 5 11.753868
38000000 5 11.771261
38000000 5 11.761955
38000000 5 11.752096
38000000 5 11.762620
38000000 5 11.758521
38000000 5 11.754201
38000000 5 11.759740
38000000 5 11.768159
38000000 5 11.758300
38000000 5 11.754755
38000000 5 11.761291
38000000 5 11.766387
38000000 5 11.765279
38000000 5 11.765168
38000000 5 11.763507
38000000 5 11.779237
38000000 5 11.766941
38000000 5 11.764503
38000000 5 11.767494
38000000 5 11.755309
38000000 5 11.758410
38000000 5 11.766498
38000000 5 11.756084
38000000 5 11.759296
38000000 5 11.754533
38000000 5 11.761180
38000000 5 11.759629
38000000 5 11.766498
38000000 5 11.773698
38000000 5 11.757081
38000000 5 11.754201
38000000 5 11.761734
38000000 5 11.759408
38000000 5 11.763949
38000000 5 11.754201
38000000 5 11.760294
38000000 5 11.766387
38000000 5 11.770153
38000000 5 11.772037
38000000 5 11.763285
38000000 5 11.763839
38000000 5 11.749770
38000000 5 11.759296
38000000 5 11.756084
38000000 5 11.765500
38000000 5 11.759408
38000000 5 11.767938
38000000 5 11.754422
38000000 5 11.765058
38000000 5 11.759296
38000000 5 11.764503
38000000 5 11.758521
38000000 5 11.748662
38000000 5 11.763839
38000000 5 11.763507
38000000 5 11.755309
38000000 5 11.766165
38000000 5 11.768159
38000000 5 11.766608
38000000 5 11.771926
38000000 5 11.763174
38000000 5 11.764171
38000000 5 11.751099
38000000 5 11.755862
38000000 5 11.752207
38000000 5 11.751431
38000000 5 11.758965
38000000 5 11.761955
38000000 5 11.760848
38000000 5 11.758189
38000000 5 11.762842
38000000 5 11.759408
38000000 5 11.757414
38000000 5 11.763839
38000000 5 11.768602
38000000 5 11.765058
38000000 5 11.759296
38000000 5 11.761513
38000000 5 11.759851
38000000 5 11.763063
38000000 5 11.764835
38000000 5 11.763285
38000000 5 11.767273
38000000 5 11.767384
38000000 5 11.765389
38000000 5 11.768713
38000000 5 11.765058
38000000 5 11.762177
38000000 5 11.755641
38000000 5 11.763507
38000000 5 11.761180
38000000 5 11.767273
38000000 5 11.766608
38000000 5 11.766165
38000000 5 11.760405
38000000 5 11.758189
38000000 5 11.758300
38000000 5 11.762620
38000000 5 11.772701
38000000 5 11.764282
38000000 5 11.767827
38000000 5 11.759851
38000000 5 11.772147
38000000 5 11.753426
38000000 5 11.761401
38000000 5 11.765944
38000000 5 11.765612
38000000 5 11.765058
38000000 5 11.771593
38000000 5 11.769488
38000000 5 11.764503
38000000 5 11.762177
38000000 5 11.762177
38000000 5 11.762842
38000000 5 11.759740
38000000 5 11.759296
38000000 5 11.756416
38000000 5 11.750656
38000000 5 11.753868
38000000 5 11.760959
38000000 5 11.750434
38000000 5 11.754644
38000000 5 11.752540
38000000 5 11.758410
38000000 5 11.755752
38000000 5 11.757081
38000000 5 11.747333
38000000 5 11.752096
38000000 5 11.749770
38000000 5 11.748662
38000000 5 11.758410
38000000 5 11.750546
38000000 5 11.755641
38000000 5 11.754866
38000000 5 11.748108
38000000 5 11.750988
38000000 5 11.750323
38000000 5 11.757635
38000000 5 11.749991
38000000 5 11.757414
38000000 5 11.757302
38000000 5 11.754976
38000000 5 11.751321
38000000 5 11.750323
38000000 5 11.755641
38000000 5 11.760736
38000000 5 11.761734
38000000 5 11.754644
38000000 5 11.757856
38000000 5 11.758410
38000000 5 11.760073
38000000 5 11.758632
38000000 5 11.751875
38000000 5 11.756860
38000000 5 11.752982
38000000 5 11.749881
38000000 5 11.752317
38000000 5 11.741240
38000000 5 11.746336
38000000 5 11.749327
38000000 5 11.732931
38000000 5 11.734371
38000000 5 11.742790
38000000 5 11.752428
38000000 5 11.746114
38000000 5 11.753536
38000000 5 11.745117
38000000 5 11.737805
38000000 5 11.732377
38000000 5 11.716646
38000000 5 11.701580
38000000 5 11.714099
38000000 5 11.699143
38000000 5 11.695488
38000000 5 11.700362
38000000 5 11.688508
38000000 5 11.681418
38000000 5 11.682194
38000000 5 11.676211
38000000 5 11.673110
38000000 5 11.669122
38000000 5 11.667682
38000000 5 11.660481
38000000 5 11.661478
38000000 5 11.666020
38000000 5 11.669011
38000000 5 11.669011
38000000 5 11.663251
38000000 5 11.656936
38000000 5 11.662253
38000000 5 11.654499
38000000 5 11.658154
38000000 5 11.649514
38000000 5 11.649846
38000000 5 11.657823
38000000 5 11.654831
38000000 5 11.648295
38000000 5 11.630016
38000000 5 11.634669
38000000 5 11.634448
38000000 5 11.635888
38000000 5 11.622041
38000000 5 11.612845
38000000 5 11.611405
38000000 5 11.599552
38000000 5 11.583488
38000000 5 11.573075
38000000 5 11.573298
38000000 5 11.557788
38000000 5 11.551695
38000000 5 11.533527
38000000 5 11.529650
38000000 5 11.519791
38000000 5 11.498521
38000000 5 11.493536
38000000 5 11.500182
38000000 5 11.480242
38000000 5 11.461520
38000000 5 11.463736
38000000 5 11.447783
38000000 5 11.429062
38000000 5 11.416211
38000000 5 11.394720
38000000 5 11.393501
38000000 5 11.390621
38000000 5 11.373340
38000000 5 11.358605
38000000 5 11.350851
38000000 5 11.342432
38000000 5 11.327698
38000000 5 11.329692
38000000 5 11.320054
38000000 5 11.315401
38000000 5 11.301664
38000000 5 11.289257
38000000 5 11.272419
38000000 5 11.254694
38000000 5 11.240736
38000000 5 11.288260
38000000 5 11.203071
38000000 5 11.072351
38000000 5 11.019176
38000000 5 10.977190
38000000 5 10.941629
38000000 5 10.899865
38000000 5 10.879814
38000000 5 10.841152
38000000 5 10.780112
38000000 5 10.741894
38000000 5 10.760615
38000000 5 10.752972
38000000 5 10.719626
38000000 5 10.701126
38000000 5 10.699465
38000000 5 10.681961
38000000 5 10.667228
38000000 5 10.667228
38000000 5 10.679635
38000000 5 10.674650
38000000 5 10.687389
38000000 5 10.695033
38000000 5 10.687389
38000000 5 10.672102
38000000 5 10.652493
38000000 5 10.649836
38000000 5 10.621919
38000000 5 10.574726
38000000 5 10.593559
38000000 5 10.626460
38000000 5 10.596107
38000000 5 10.563869
38000000 5 10.524211
38000000 5 10.467602
38000000 5 10.385404
38000000 5 10.268641
38000000 5 10.158194
38000000 5 10.107013
38000000 5 10.122190
38000000 5 10.144567
38000000 5 10.116429
38000000 5 9.806799
38000000 5 8.656349
38000000 5 9.141233
38000000 5 9.801260
38000000 5 10.097486
38000000 5 10.053063
38000000 5 10.076438
38000000 5 10.137589
38000000 5 10.152101
38000000 5 10.126511
38000000 5 10.042317
38000000 5 9.821312
38000000 5 9.548572
38000000 5 9.256666
38000000 5 8.835481
38000000 5 8.055589
38000000 5 7.128471
38000000 5 6.622428
38000000 5 6.335840
38000000 5 6.303050
38000000 5 6.627303
38000000 5 7.860838
38000000 5 8.740985
38000000 5 9.497501
38000000 5 9.875594
38000000 5 10.019829
38000000 5 10.106570
38000000 5 10.138474
38000000 5 10.155535
38000000 5 10.180793
38000000 5 10.199404
38000000 5 10.203835
38000000 5 10.214359
38000000 5 10.226323
38000000 5 10.234742
38000000 5 10.241389
38000000 5 10.252246
38000000 5 10.253353
38000000 5 10.253686
38000000 5 10.253797
38000000 5 10.256566
38000000 5 10.255015
38000000 5 10.252800
38000000 5 10.257010
38000000 5 10.267866
38000000 5 10.286034
38000000 5 10.277836
38000000 5 10.282931
38000000 5 10.276950
38000000 5 10.272851
38000000 5 10.279830
38000000 5 10.281381
38000000 5 10.274845
38000000 5 10.274291
38000000 5 10.271078
38000000 5 10.266093
38000000 5 10.267866
38000000 5 10.274512
38000000 5 10.281270
38000000 5 10.269084
38000000 5 10.250695
38000000 5 10.219234
38000000 5 10.178245
38000000 5 10.148777
38000000 5 10.110336
38000000 5 10.054725
38000000 5 10.032902
38000000 5 10.019276
38000000 5 10.017171
38000000 5 9.906502
38000000 5 9.541924
38000000 5 9.555440
38000000 5 9.743433
38000000 5 9.803476
38000000 5 9.468144
38000000 5 -10.982618
38000000 5 -134.929489
38000000 5 -283.277313
38000000 5 -452.886017
38000000 5 -597.727783
38000000 5 -744.105713
38000000 5 -895.223145
38000000 5 -924.742432
38000000 5 -928.682800
38000000 5 -929.145752
38000000 5 -929.229065
38000000 5 -929.270569
38000000 5 -929.281677
38000000 5 -929.287231
38000000 5 -929.289001
38000000 5 -929.289429
38000000 5 -929.289734
38000000 5 -929.289734
38000000 5 -929.289734
38000000 5 -929.289734
38000000 5 -929.289734
38000000 5 -929.289734
38000000 5 -929.289734
38000000 5 -929.289734
38000000 5 -929.289734
38000000 5 -929.289734
38000000 5 -929.289734
38000000 5 -929.289734
38000000 5 -929.289734
38000000 5 -929.289734
38000000 5 -929.289734
38000000 5 -929.289734
38000000 5 -929.289734
38000000 5 -929.289734
38000000 5 -929.289734
38000000 5 -929.289734
38000000 5 -929.289734
38000000 5 -929.289734
38000000 5 -929.289734
38000000 5 -929.289734
38000000 5 -929.289734
38000000 5 -929.289734
38000000 5 -929.289734
38000000 5 -929.289734
38000000 5 -929.289734
38000000 5 -929.289734
38000000 5 -929.289734
38000000 5 -929.289734
38000000 5 -929.289734
38000000 5 -929.289734
38000000 5 -929.289734
38000000 5 -929.289734
38000000 5 -929.289734
38000000 5 -929.289734
38000000 5 -929.289734
38000000 5 -929.289734
38000000 5 -929.289734
38000000 5 -929.289734
38000000 5 -929.289734
38000000 5 -929.289734
38000000 5 -929.289734
38000000 5 -929.289734
38000000 5 -929.289734
38000000 5 -929.289734
38000000 5 -929.289734
38000000 5 -929.289734
38000000 5 -929.289734
38000000 5 -929.289734
38000000 5 -929.289734
38000000 5 -929.289734
38000000 5 -929.289734
38000000 5 -929.289734
38000000 5 -929.289734
38000000 5 -929.289734
38000000 5 -929.289734
38000000 5 -929.289734
38000000 5 -929.289734
38000000 5 -929.289734
38000000 5 -929.289734
38000000 5 -929.289734
38000000 5 -929.289734
38000000 5 -929.289734
38000000 5 -929.289734
38000000 5 -929.289734
38000000 5 -929.289734
38000000 5 -929.289734
38000000 5 -929.289734
38000000 5 -929.289734
38000000 5 -929.289734
38000000 5 -929.289734
38000000 5 -929.289734
38000000 5 -929.289734
38000000 5 -929.289734
38000000 5 -929.289734
38000000 5 -929.289734
38000000 5 -929.289734
38000000 5 -929.289734
38000000 5 -929.289734
38000000 5 -929.289734
38000000 5 -929.289734
38000000 5 -929.289734
38000000 5 -929.289734
38000000 5 -929.289734
38000000 5 -929.289734
38000000 5 -929.289734
38000000 5 -929.289734
38000000 5 -929.289734
38000000 5 -929.289734
38000000 5 -929.289734
38000000 5 -929.289734
38000000 5 -929.289734
38000000 5 -929.289734
38000000 5 -929.289734
38000000 5 -929.289734
38000000 5 -929.289734
38000000 5 -929.289734
38000000 5 -929.289734
38000000 5 -929.289734
38000000 5 -929.289734
38000000 5 -929.289734
38000000 5 -929.289734
38000000 5 -929.289734
38000000 5 -929.289734
38000000 5 -929.289734
38000000 5 -929.289734
38000000 5 -929.289734
38000000 5 -929.289734
38000000 5 -929.289734
38000000 5 -929.289734
38000000 5 -929.289734
38000000 5 -929.289734
38000000 5 -929.289734
38000000 5 -929.289734
38000000 5 -929.289734
38000000 5 -929.289734
38000000 5 -929.289734
38000000 5 -929.289734
38000000 5 -929.289734
38000000 5 -929.289734
38000000 5 -929.289734
38000000 5 -929.289734
38000000 5 -929.289734
38000000 5 -929.289734
38000000 5 -929.289734
38000000 5 -929.289734
38000000 5 -929.289734
38000000 5 -929.289734
38000000 5 -929.289734
38000000 5 -929.289734
38000000 5 -624.669800
38000000 5 -293.052521
38000000 5 -113.737823
38000000 5 -51.182354
38000000 5 -30.043978
38000000 5 -17.732553
38000000 5 -8.184537
38000000 5 -3.188248
38000000 5 -0.323256
38000000 5 1.279066
38000000 5 2.386533
38000000 5 3.284405
38000000 5 3.944765
38000000 5 4.573884
38000000 5 5.038385
38000000 5 5.429992
38000000 5 5.785375
38000000 5 6.130233
38000000 5 6.348691
38000000 5 6.539011
38000000 5 6.740631
38000000 5 6.916327
38000000 5 7.079396
38000000 5 7.246341
38000000 5 7.396670
38000000 5 7.529162
38000000 5 7.666087
38000000 5 7.785951
38000000 5 7.893961
38000000 5 7.975606
38000000 5 8.556093
38000000 5 9.255779
38000000 5 9.633097
38000000 5 9.793616
38000000 5 9.894316
38000000 5 9.991359
38000000 5 10.045862
38000000 5 10.097154
38000000 5 10.160077
38000000 5 10.205607
38000000 5 10.252467
38000000 5 10.310516
38000000 5 10.361696
38000000 5 10.400802
38000000 5 10.438910
38000000 5 10.466826
38000000 5 10.493525
38000000 5 10.530304
38000000 5 10.569298
38000000 5 10.601314
38000000 5 10.629562
38000000 5 10.663350
38000000 5 10.682183
38000000 5 10.709767
38000000 5 10.732034
38000000 5 10.752749
38000000 5 10.784211
38000000 5 10.822320
38000000 5 10.837053
38000000 5 10.865856
38000000 5 10.888345
38000000 5 10.904740
38000000 5 10.919252
38000000 5 10.949938
38000000 5 10.959023
38000000 5 10.966887
38000000 5 10.969103
38000000 5 10.974088
38000000 5 10.989708
38000000 5 10.998792
38000000 5 11.014745
38000000 5 11.032802
38000000 5 11.051413
38000000 5 11.067698
38000000 5 11.091958
38000000 5 11.100045
38000000 5 11.116662
38000000 5 11.122866
38000000 5 11.132836
38000000 5 11.148456
38000000 5 11.159423
38000000 5 11.161860
38000000 5 11.173049
38000000 5 11.176704
38000000 5 11.190995
38000000 5 11.202406
38000000 5 11.206837
38000000 5 11.214480
38000000 5 11.214813
38000000 5 11.249930
38000000 5 11.283607
38000000 5 11.265882
38000000 5 11.268541
38000000 5 11.305099
38000000 5 11.303327
38000000 5 11.299006
38000000 5 11.319611
38000000 5 11.330689
38000000 5 11.328141
38000000 5 11.324264
38000000 5 11.346087
38000000 5 11.348192
38000000 5 11.345533
38000000 5 11.368133
38000000 5 11.373672
38000000 5 11.365474
38000000 5 11.377770
38000000 5 11.397711
38000000 5 11.394055
38000000 5 11.390953
38000000 5 11.393612
38000000 5 11.406905
38000000 5 11.400591
38000000 5 11.405244
38000000 5 11.420199
38000000 5 11.428618
38000000 5 11.420642
38000000 5 11.427510
38000000 5 11.445235
38000000 5 11.442355
38000000 5 11.442688
38000000 5 11.448669
38000000 5 11.447119
38000000 5 11.461852
38000000 5 11.462517
38000000 5 11.446011
38000000 5 11.459526
38000000 5 11.474703
38000000 5 11.467834
38000000 5 11.461187
38000000 5 11.474813
38000000 5 11.484563
38000000 5 11.481129
38000000 5 11.490544
38000000 5 11.504392
38000000 5 11.487000
38000000 5 11.484341
38000000 5 11.509377
38000000 5 11.507494
38000000 5 11.500626
38000000 5 11.517353
38000000 5 11.525884
38000000 5 11.509599
38000000 5 11.532419
38000000 5 11.567426
38000000 5 11.521009
38000000 5 11.504392
38000000 5 11.543386
38000000 5 11.548925
38000000 5 11.514916
38000000 5 11.508159
38000000 5 11.549036
38000000 5 11.546489
38000000 5 11.530425
38000000 5 11.566096
38000000 5 11.578726
38000000 5 11.553024
38000000 5 11.556569
38000000 5 11.577839
38000000 5 11.574183
38000000 5 11.552470
38000000 5 11.563106
38000000 5 11.570085
38000000 5 11.547375
38000000 5 11.526326
38000000 5 11.550034
38000000 5 11.559339
38000000 5 11.538733
38000000 5 11.561443
38000000 5 11.562662
38000000 5 11.524221
38000000 5 11.522781
38000000 5 11.511593
38000000 5 11.493314
38000000 5 11.469275
38000000 5 11.458640
38000000 5 11.457200
38000000 5 11.439919
38000000 5 11.413220
38000000 5 11.388516
38000000 5 11.350408
38000000 5 11.282832
38000000 5 11.228217
38000000 5 11.183462
38000000 5 11.141698
38000000 5 11.099048
38000000 5 11.058281
38000000 5 10.977190
38000000 5 10.900530
38000000 5 10.829077
38000000 5 10.741450
38000000 5 10.699354
38000000 5 10.653491
38000000 5 10.583478
38000000 5 10.514130
38000000 5 10.481449
38000000 5 10.459958
38000000 5 10.400026
38000000 5 10.337878
38000000 5 10.258006
38000000 5 10.228428
38000000 5 10.194419
38000000 5 10.139250
38000000 5 10.066357
38000000 5 10.004099
38000000 5 9.945385
38000000 5 9.895645
38000000 5 9.807132
38000000 5 9.704992
38000000 5 9.667660
38000000 5 9.659462
38000000 5 9.614374
38000000 5 9.565520
38000000 5 9.540816
38000000 5 9.524310
38000000 5 9.494289
38000000 5 9.433139
38000000 5 9.390821
38000000 5 9.369772
38000000 5 9.308067
38000000 5 9.182665
38000000 5 9.097475
38000000 5 9.054160
38000000 5 8.995114
38000000 5 8.852983
38000000 5 8.702212
38000000 5 8.597193
38000000 5 8.630648
38000000 5 8.686038
38000000 5 8.700661
38000000 5 8.661888
38000000 5 8.618684
38000000 5 8.641948
38000000 5 8.666652
38000000 5 8.655906
38000000 5 8.599519
38000000 5 8.548006
38000000 5 8.507017
38000000 5 8.475113
38000000 5 8.418172
38000000 5 8.393025
38000000 5 8.375411
38000000 5 8.360234
38000000 5 8.312377
38000000 5 8.276041
38000000 5 8.251226
38000000 5 8.218989
38000000 5 8.135904
38000000 5 8.072871
38000000 5 8.061571
38000000 5 8.021580
38000000 5 7.950902
38000000 5 7.934618
38000000 5 7.983804
38000000 5 7.974387
38000000 5 7.908473
38000000 5 7.873467
38000000 5 7.870586
38000000 5 7.871251
38000000 5 7.851089
38000000 5 7.784067
38000000 5 7.745183
38000000 5 7.732333
38000000 5 7.737983
38000000 5 7.746181
38000000 5 7.743079
38000000 5 7.695111
38000000 5 7.625652
38000000 5 7.616789
38000000 5 7.657446
38000000 5 7.680488
38000000 5 7.620445
38000000 5 7.537360
38000000 5 7.493159
38000000 5 7.548106
38000000 5 7.590202
38000000 5 7.571259
38000000 5 7.462805
38000000 5 7.368975
38000000 5 7.336959
38000000 5 7.349477
38000000 5 7.344492
38000000 5 7.256533
38000000 5 7.136226
38000000 5 7.113516
38000000 5 7.136004
38000000 5 7.087151
38000000 5 6.980247
38000000 5 6.925633
38000000 5 6.946681
38000000 5 6.910678
38000000 5 6.834572
38000000 5 6.769655
38000000 5 6.788709
38000000 5 6.810200
38000000 5 6.747277
38000000 5 6.673719
38000000 5 6.663306
38000000 5 6.686791
38000000 5 6.675603
38000000 5 6.613566
38000000 5 6.550643
38000000 5 6.488274
38000000 5 6.452270
38000000 5 6.438977
38000000 5 6.464234
38000000 5 6.513421
38000000 5 6.508546
38000000 5 6.441746
38000000 5 6.408401
38000000 5 6.433991
38000000 5 6.453821
38000000 5 6.428452
38000000 5 6.398099
38000000 5 6.420365
38000000 5 6.455372
38000000 5 6.461022
38000000 5 6.459582
38000000 5 6.522062
38000000 5 6.618440
38000000 5 6.709501
38000000 5 6.676267
38000000 5 6.629740
38000000 5 6.663085
38000000 5 6.779182
38000000 5 6.912229
38000000 5 6.985011
38000000 5 7.041066
38000000 5 7.073967
38000000 5 7.140214
38000000 5 7.295306
38000000 5 7.451506
38000000 5 7.661877
38000000 5 7.826053
38000000 5 7.919551
38000000 5 8.083174
38000000 5 8.315701
38000000 5 8.498487
38000000 5 8.675181
38000000 5 8.831603
38000000 5 8.951799
38000000 5 9.112098
38000000 5 9.284582
38000000 5 9.427932
38000000 5 9.616812
38000000 5 9.751410
38000000 5 9.848896
38000000 5 9.972527
38000000 5 9.998781
38000000 5 10.351394
38000000 5 10.604194
38000000 5 10.815673
38000000 5 10.977744
38000000 5 11.083428
38000000 5 11.203403
38000000 5 11.311302
38000000 5 11.404912
38000000 5 11.498077
38000000 5 11.560225
38000000 5 11.592684
38000000 5 11.603762
38000000 5 11.621376
38000000 5 11.666463
38000000 5 11.773587
38000000 5 11.855565
38000000 5 11.894338
38000000 5 11.926575
38000000 5 11.980636
38000000 5 12.018300
38000000 5 12.019629
38000000 5 12.030486
38000000 5 12.037465
38000000 5 12.034474
38000000 5 12.027717
38000000 5 12.031926
38000000 5 12.040124
38000000 5 12.039681
38000000 5 12.037687
38000000 5 12.039349
38000000 5 12.046660
38000000 5 12.042783
38000000 5 12.039903
38000000 5 12.048543
38000000 5 12.041564
38000000 5 12.034364
38000000 5 12.036025
38000000 5 12.038795
38000000 5 12.035583
38000000 5 12.031372
38000000 5 12.026498
38000000 5 12.014645
38000000 5 12.017747
38000000 5 12.025612
38000000 5 12.036469
38000000 5 12.028049
38000000 5 12.027827
38000000 5 12.035139
38000000 5 12.034696
38000000 5 12.034474
38000000 5 12.029379
38000000 5 12.006780
38000000 5 11.998471
38000000 5 11.975429
38000000 5 11.924802
38000000 5 11.876945
38000000 5 11.821555
38000000 5 11.700029
38000000 5 11.586701
38000000 5 11.529318
38000000 5 11.468389
38000000 5 11.408899
38000000 5 11.345977
38000000 5 11.266991
38000000 5 11.218691
38000000 5 11.151114
38000000 5 11.084758
38000000 5 11.024493
38000000 5 10.968328
38000000 5 10.901859
38000000 5 10.849571
38000000 5 10.793406
38000000 5 10.733142
38000000 5 10.682294
38000000 5 10.636541
38000000 5 10.578825
38000000 5 10.510585
38000000 5 10.442012
38000000 5 10.362250
38000000 5 10.278057
38000000 5 10.184116
38000000 5 10.054393
38000000 5 9.959011
38000000 5 9.931759
38000000 5 9.900630
38000000 5 9.831060
38000000 5 9.710421
38000000 5 9.584353
38000000 5 9.454741
38000000 5 9.413198
38000000 5 9.241378
38000000 5 9.123176
38000000 5 9.040091
38000000 5 8.930530
38000000 5 8.852208
38000000 5 8.786959
38000000 5 8.733673
38000000 5 8.671858
38000000 5 8.615582
38000000 5 8.614696
38000000 5 8.652472
38000000 5 8.662109
38000000 5 8.592761
38000000 5 8.560413
38000000 5 8.550333
38000000 5 8.514662
38000000 5 8.465919
38000000 5 8.377626
38000000 5 8.351039
38000000 5 8.344614
38000000 5 8.320796
38000000 5 8.288448
38000000 5 8.254218
38000000 5 8.213783
38000000 5 8.155069
38000000 5 8.068661
38000000 5 8.007732
38000000 5 8.002636
38000000 5 7.972172
38000000 5 7.927306
38000000 5 7.918222
38000000 5 7.938384
38000000 5 7.905593
38000000 5 7.863053
38000000 5 7.818741
38000000 5 7.791379
38000000 5 7.751609
38000000 5 7.713500
38000000 5 7.643930
38000000 5 7.601170
38000000 5 7.609367
38000000 5 7.622550
38000000 5 7.585217
38000000 5 7.528830
38000000 5 7.436883
38000000 5 7.377726
38000000 5 7.373628
38000000 5 7.390023
38000000 5 7.355903
38000000 5 7.330645
38000000 5 7.321339
38000000 5 7.322890
38000000 5 7.293090
38000000 5 7.227398
38000000 5 7.192281
38000000 5 7.188514
38000000 5 7.163367
38000000 5 7.101109
38000000 5 7.027108
38000000 5 6.987892
38000000 5 6.960972
38000000 5 6.885420
38000000 5 6.830695
38000000 5 6.827260
38000000 5 6.829033
38000000 5 6.807542
38000000 5 6.792808
38000000 5 6.798125
38000000 5 6.754810
38000000 5 6.708394
38000000 5 6.694435
38000000 5 6.687234
38000000 5 6.645692
38000000 5 6.597170
38000000 5 6.570805
38000000 5 6.534801
38000000 5 6.481295
38000000 5 6.441857
38000000 5 6.408401
38000000 5 6.380596
38000000 5 6.320996
38000000 5 6.273361
38000000 5 6.245111
38000000 5 6.252091
38000000 5 6.246330
38000000 5 6.234366
38000000 5 6.166569
38000000 5 6.159257
38000000 5 6.194153
38000000 5 6.216530
38000000 5 6.192713
38000000 5 6.062325
38000000 5 5.963177
38000000 5 5.993309
38000000 5 6.081933
38000000 5 6.057893
38000000 5 6.002614
38000000 5 6.000399
38000000 5 6.086253
38000000 5 6.122589
38000000 5 6.015243
38000000 5 5.899478
38000000 5 5.866244
38000000 5 5.897484
38000000 5 5.918754
38000000 5 5.960961
38000000 5 5.980680
38000000 5 5.912993
38000000 5 5.810743
38000000 5 5.767761
38000000 5 5.811629
38000000 5 5.892388
38000000 5 5.892831
38000000 5 5.774629
38000000 5 5.605911
38000000 5 5.534458
38000000 5 5.610231
38000000 5 5.735967
38000000 5 5.771306
38000000 5 5.701735
38000000 5 5.626627
38000000 5 5.607573
38000000 5 5.666286
38000000 5 5.656870
38000000 5 5.560823
38000000 5 5.485271
38000000 5 5.488263
38000000 5 5.570572
38000000 5 5.596162
38000000 5 5.557611
38000000 5 5.501113
38000000 5 5.421795
38000000 5 5.426780
38000000 5 5.521829
38000000 5 5.596384
38000000 5 5.595719
38000000 5 5.576000
38000000 5 5.538557
38000000 5 5.526371
38000000 5 5.516955
38000000 5 5.572234
38000000 5 5.656648
38000000 5 5.695311
38000000 5 5.681684
38000000 5 5.696418
38000000 5 5.804429
38000000 5 5.990318
38000000 5 6.135772
38000000 5 6.170778
38000000 5 6.157263
38000000 5 6.206450
38000000 5 6.342820
38000000 5 6.470327
38000000 5 6.557400
38000000 5 6.629961
38000000 5 6.715594
38000000 5 6.794026
38000000 5 6.923307
38000000 5 7.094240
38000000 5 7.201475
38000000 5 7.339286
38000000 5 7.537139
38000000 5 7.738426
38000000 5 7.861613
38000000 5 7.942594
38000000 5 8.037865
38000000 5 8.161938
38000000 5 8.323344
38000000 5 8.469242
38000000 5 8.633417
38000000 5 8.759375
38000000 5 8.904053
38000000 5 9.030121
38000000 5 9.148877
38000000 5 9.335430
38000000 5 9.498055
38000000 5 9.639078
38000000 5 9.708649
38000000 5 9.789075
38000000 5 9.901849
38000000 5 10.017171
38000000 5 10.078543
38000000 5 10.148112
38000000 5 10.253242
38000000 5 10.348735
38000000 5 10.416533
38000000 5 10.489536
38000000 5 10.561987
38000000 5 10.620811
38000000 5 10.670329
38000000 5 10.720735
38000000 5 10.781663
38000000 5 10.876159
38000000 5 10.923018
38000000 5 10.950492
38000000 5 10.996244
38000000 5 11.012197
38000000 5 11.036457
38000000 5 11.060386
38000000 5 11.088080
38000000 5 11.108243
38000000 5 11.117659
38000000 5 11.128626
38000000 5 11.147459
38000000 5 11.153995
38000000 5 11.160863
38000000 5 11.172938
38000000 5 11.178588
38000000 5 11.189112
38000000 5 11.192214
38000000 5 11.202738
38000000 5 11.220573
38000000 5 11.221682
38000000 5 11.228439
38000000 5 11.241401
38000000 5 11.240403
38000000 5 11.230987
38000000 5 11.242619
38000000 5 11.252146
38000000 5 11.249820
38000000 5 11.246386
38000000 5 11.251814
38000000 5 11.254140
38000000 5 11.252921
38000000 5 11.261894
38000000 5 11.268209
38000000 5 11.263224
38000000 5 11.253696
38000000 5 11.258572
38000000 5 11.263446
38000000 5 11.263667
38000000 5 11.260565
38000000 5 11.254805
38000000 5 11.260233
38000000 5 11.258682
38000000 5 11.268874
38000000 5 11.267655
38000000 5 11.271200
38000000 5 11.267323
38000000 5 11.264442
38000000 5 11.270535
38000000 5 11.260233
38000000 5 11.263224
38000000 5 11.269317
38000000 5 11.261341
38000000 5 11.253808
38000000 5 11.259679
38000000 5 11.266991
38000000 5 11.255580
38000000 5 11.253696
38000000 5 11.258793
38000000 5 11.263999
38000000 5 11.257574
38000000 5 11.268098
38000000 5 11.272530
38000000 5 11.264553
38000000 5 11.273748
38000000 5 11.275299
38000000 5 11.266215
38000000 5 11.264664
38000000 5 11.270535
38000000 5 11.271421
38000000 5 11.271976
38000000 5 11.267101
38000000 5 11.269650
38000000 5 11.270535
38000000 5 11.265328
38000000 5 11.270867
38000000 5 11.279398
38000000 5 11.259679
38000000 5 11.265661
38000000 5 11.291805
38000000 5 11.266547
38000000 5 11.256577
38000000 5 11.275410
38000000 5 11.290144
38000000 5 11.263667
38000000 5 11.273305
38000000 5 11.288815
38000000 5 11.268652
38000000 5 11.257131
38000000 5 11.290144
38000000 5 11.285158
38000000 5 11.265218
38000000 5 11.274745
38000000 5 11.284716
38000000 5 11.271200
38000000 5 11.277958
38000000 5 11.290697
38000000 5 11.291584
38000000 5 11.277736
38000000 5 11.269760
38000000 5 11.272861
38000000 5 11.267323
38000000 5 11.254694
38000000 5 11.279730
38000000 5 11.287485
38000000 5 11.268431
38000000 5 11.275853
38000000 5 11.288371
38000000 5 11.291251
38000000 5 11.282057
38000000 5 11.284051
38000000 5 11.283386
38000000 5 11.276518
38000000 5 11.274191
38000000 5 11.284162
38000000 5 11.274966
38000000 5 11.273859
38000000 5 11.275964
38000000 5 11.284162
38000000 5 11.269650
38000000 5 11.294685
38000000 5 11.303658
38000000 5 11.258572
38000000 5 11.249598
38000000 5 11.296458
38000000 5 11.286377
38000000 5 11.244946
38000000 5 11.275299
38000000 5 11.301664
38000000 5 11.264111
38000000 5 11.265772
38000000 5 11.296569
38000000 5 11.288150
38000000 5 11.244281
38000000 5 11.260233
38000000 5 11.295239
38000000 5 11.260676
38000000 5 11.256799
38000000 5 11.293467
38000000 5 11.296236
38000000 5 11.262116
38000000 5 11.266880
38000000 5 11.287485
38000000 5 11.272861
38000000 5 11.273305
38000000 5 11.272308
38000000 5 11.286931
38000000 5 11.273859
38000000 5 11.283053
38000000 5 11.299117
38000000 5 11.280949
38000000 5 11.262671
38000000 5 11.274302
38000000 5 11.290808
38000000 5 11.277736
38000000 5 11.279177
38000000 5 11.299338
38000000 5 11.290365
38000000 5 11.261119
38000000 5 11.266547
38000000 5 11.282389
38000000 5 11.276296
38000000 5 11.270203
38000000 5 11.275078
38000000 5 11.284937
38000000 5 11.283829
38000000 5 11.278400
38000000 5 11.293467
38000000 5 11.275964
38000000 5 11.272640
38000000 5 11.274524
38000000 5 11.288592
38000000 5 11.281059
38000000 5 11.283939
38000000 5 11.294131
38000000 5 11.287817
38000000 5 11.275743
38000000 5 11.284826
38000000 5 11.286598
38000000 5 11.280949
38000000 5 11.282943
38000000 5 11.285823
38000000 5 11.269650
38000000 5 11.275410
38000000 5 11.282832
38000000 5 11.281835
38000000 5 11.286598
38000000 5 11.275631
38000000 5 11.280284
38000000 5 11.277847
38000000 5 11.275299
38000000 5 11.281392
38000000 5 11.283276
38000000 5 11.283718
38000000 5 11.283386
38000000 5 11.281835
38000000 5 11.289811
38000000 5 11.285491
38000000 5 11.290365
38000000 5 11.285380
38000000 5 11.284604
38000000 5 11.283276
38000000 5 11.292249
38000000 5 11.272419
38000000 5 11.289590
38000000 5 11.277625
38000000 5 11.281724
38000000 5 11.281281
38000000 5 11.294131
38000000 5 11.298895
38000000 5 11.285823
38000000 5 11.286820
38000000 5 11.287263
38000000 5 11.287263
38000000 5 11.287263
38000000 5 11.287596
38000000 5 11.290365
38000000 5 11.290365
38000000 5 11.294131
38000000 5 11.282499
38000000 5 11.293245
38000000 5 11.290255
38000000 5 11.292802
38000000 5 11.286598
38000000 5 11.290586
38000000 5 11.295129
38000000 5 11.289479
38000000 5 11.288482
38000000 5 11.273970
38000000 5 11.281170
38000000 5 11.292802
38000000 5 11.288592
38000000 5 11.305209
38000000 5 11.296901
38000000 5 11.279841
38000000 5 11.293910
38000000 5 11.286488
38000000 5 11.294907
38000000 5 11.292027
38000000 5 11.293467
38000000 5 11.291141
38000000 5 11.293135
38000000 5 11.286710
38000000 5 11.289922
38000000 5 11.278623
38000000 5 11.283829
38000000 5 11.283053
38000000 5 11.286488
38000000 5 11.283497
38000000 5 11.2